update,mean_coopval,mean_foodval,mean_p53,count
0,0.5,10,0.3,1
1,0.5,10,0.3,1
2,0.5,10,0.3,1
3,0.5,10,0.3,1
4,0.5,10,0.3,1
5,0.5,10,0.3,1
6,0.5,10,0.3,1
7,0.5,10,0.3,1
8,0.5,10,0.3,1
9,0.5,10,0.3,1
10,0.5,10,0.3,1
11,0.5,10,0.3,1
12,0.5,10,0.3,1
13,0.5,10,0.3,1
14,0.5,10,0.3,1
15,0.5,10,0.3,1
16,0.5,10,0.3,1
17,0.5,10,0.3,1
18,0.5,10,0.3,1
19,0.5,10,0.3,1
20,0.837552,16.6633,0.253818,2
21,0.837552,16.6633,0.253818,2
22,0.837552,16.6633,0.253818,2
23,0.837552,16.6633,0.253818,2
24,0.837552,16.6633,0.253818,2
25,0.837552,16.6633,0.253818,2
26,0.837552,16.6633,0.253818,2
27,0.837552,16.6633,0.253818,2
28,0.837552,16.6633,0.253818,2
29,0.837552,16.6633,0.253818,2
30,0.837552,16.6633,0.253818,2
31,0.837552,16.6633,0.253818,2
32,0.837552,16.6633,0.253818,2
33,0.837552,16.6633,0.253818,2
34,0.837552,16.6633,0.253818,2
35,0.837552,16.6633,0.253818,2
36,0.837552,16.6633,0.253818,2
37,0.837552,16.6633,0.253818,2
38,0.837552,16.6633,0.253818,2
39,0.837552,16.6633,0.253818,2
40,0.837552,16.6633,0.253818,2
41,0.837552,16.6633,0.253818,2
42,0.837552,16.6633,0.253818,2
43,0.837552,16.6633,0.253818,2
44,0.837552,16.6633,0.253818,2
45,0.837552,16.6633,0.253818,2
46,0.837552,16.6633,0.253818,2
47,0.837552,16.6633,0.253818,2
48,0.837552,16.6633,0.253818,2
49,0.837552,16.6633,0.253818,2
50,0.75713,19.4131,0.296881,3
51,0.75713,19.4131,0.296881,3
52,0.75713,19.4131,0.296881,3
53,0.75713,19.4131,0.296881,3
54,0.75713,19.4131,0.296881,3
55,0.75713,19.4131,0.296881,3
56,0.817847,22.0503,0.250313,4
57,0.817847,22.0503,0.250313,4
58,0.817847,22.0503,0.250313,4
59,0.817847,22.0503,0.250313,4
60,0.817847,22.0503,0.250313,4
61,0.817847,22.0503,0.250313,4
62,0.817847,22.0503,0.250313,4
63,0.817847,22.0503,0.250313,4
64,0.817847,22.0503,0.250313,4
65,0.817847,22.0503,0.250313,4
66,0.817847,22.0503,0.250313,4
67,0.817847,22.0503,0.250313,4
68,0.817847,22.0503,0.250313,4
69,0.817847,22.0503,0.250313,4
70,0.817847,22.0503,0.250313,4
71,0.817847,22.0503,0.250313,4
72,0.817847,22.0503,0.250313,4
73,0.817847,22.0503,0.250313,4
74,0.817847,22.0503,0.250313,4
75,0.817847,22.0503,0.250313,4
76,0.817847,22.0503,0.250313,4
77,0.817847,22.0503,0.250313,4
78,0.817847,22.0503,0.250313,4
79,0.817847,22.0503,0.250313,4
80,0.817847,22.0503,0.250313,4
81,0.817847,22.0503,0.250313,4
82,0.817847,22.0503,0.250313,4
83,0.817847,22.0503,0.250313,4
84,0.817847,22.0503,0.250313,4
85,0.817847,22.0503,0.250313,4
86,0.817847,22.0503,0.250313,4
87,0.817847,22.0503,0.250313,4
88,0.817847,22.0503,0.250313,4
89,0.575868,23.1461,0.26379,5
90,0.575868,23.1461,0.26379,5
91,0.532371,23.8288,0.254737,4
92,0.532371,23.8288,0.254737,4
93,0.532371,23.8288,0.254737,4
94,0.532371,23.8288,0.254737,4
95,0.532371,23.8288,0.254737,4
96,0.532371,23.8288,0.254737,4
97,0.532371,23.8288,0.254737,4
98,0.532371,23.8288,0.254737,4
99,0.532371,23.8288,0.254737,4
100,0.532371,23.8288,0.254737,4
101,0.532371,23.8288,0.254737,4
102,0.532371,23.8288,0.254737,4
103,0.532371,23.8288,0.254737,4
104,0.597444,25.4953,0.223599,5
105,0.597444,25.4953,0.223599,5
106,0.664537,26.5881,0.225262,6
107,0.664537,26.5881,0.225262,6
108,0.664537,26.5881,0.225262,6
109,0.664537,26.5881,0.225262,6
110,0.664537,26.5881,0.225262,6
111,0.664537,26.5881,0.225262,6
112,0.664537,26.5881,0.225262,6
113,0.664537,26.5881,0.225262,6
114,0.664537,26.5881,0.225262,6
115,0.664537,26.5881,0.225262,6
116,0.664537,26.5881,0.225262,6
117,0.664537,26.5881,0.225262,6
118,0.664537,26.5881,0.225262,6
119,0.664537,26.5881,0.225262,6
120,0.664537,26.5881,0.225262,6
121,0.664537,26.5881,0.225262,6
122,0.664537,26.5881,0.225262,6
123,0.664537,26.5881,0.225262,6
124,0.664537,26.5881,0.225262,6
125,0.664537,26.5881,0.225262,6
126,0.664537,26.5881,0.225262,6
127,0.664537,26.5881,0.225262,6
128,0.664537,26.5881,0.225262,6
129,0.664537,26.5881,0.225262,6
130,0.664537,26.5881,0.225262,6
131,0.664537,26.5881,0.225262,6
132,0.797444,27.6092,0.193713,5
133,0.797444,27.6092,0.193713,5
134,0.797444,27.6092,0.193713,5
135,0.797444,27.6092,0.193713,5
136,0.797444,27.6092,0.193713,5
137,0.797444,27.6092,0.193713,5
138,0.797444,27.6092,0.193713,5
139,0.730971,28.8391,0.219345,6
140,0.730971,28.8391,0.219345,6
141,0.730971,28.8391,0.219345,6
142,0.730971,28.8391,0.219345,6
143,0.730971,28.8391,0.219345,6
144,0.730971,28.8391,0.219345,6
145,0.730971,28.8391,0.219345,6
146,0.730971,28.8391,0.219345,6
147,0.730971,28.8391,0.219345,6
148,0.730971,28.8391,0.219345,6
149,0.730971,28.8391,0.219345,6
150,0.730971,28.8391,0.219345,6
151,0.730971,28.8391,0.219345,6
152,0.730971,28.8391,0.219345,6
153,0.730971,28.8391,0.219345,6
154,0.730971,28.8391,0.219345,6
155,0.730971,28.8391,0.219345,6
156,0.730971,28.8391,0.219345,6
157,0.730971,28.8391,0.219345,6
158,0.730971,28.8391,0.219345,6
159,0.769404,29.7634,0.232852,7
160,0.729799,31.5003,0.181107,9
161,0.729799,31.5003,0.181107,9
162,0.729799,31.5003,0.181107,9
163,0.729799,31.5003,0.181107,9
164,0.729799,31.5003,0.181107,9
165,0.729799,31.5003,0.181107,9
166,0.729799,31.5003,0.181107,9
167,0.724613,32.0304,0.179161,10
168,0.724613,32.0304,0.179161,10
169,0.724613,32.0304,0.179161,10
170,0.724613,32.0304,0.179161,10
171,0.724613,32.0304,0.179161,10
172,0.724613,32.0304,0.179161,10
173,0.724613,32.0304,0.179161,10
174,0.724613,32.0304,0.179161,10
175,0.724613,32.0304,0.179161,10
176,0.724613,32.0304,0.179161,10
177,0.724613,32.0304,0.179161,10
178,0.724613,32.0304,0.179161,10
179,0.724613,32.0304,0.179161,10
180,0.724613,32.0304,0.179161,10
181,0.724613,32.0304,0.179161,10
182,0.724613,32.0304,0.179161,10
183,0.724613,32.0304,0.179161,10
184,0.724613,32.0304,0.179161,10
185,0.724613,32.0304,0.179161,10
186,0.724613,32.0304,0.179161,10
187,0.724613,32.0304,0.179161,10
188,0.724613,32.0304,0.179161,10
189,0.724613,32.0304,0.179161,10
190,0.724613,32.0304,0.179161,10
191,0.724613,32.0304,0.179161,10
192,0.724613,32.0304,0.179161,10
193,0.724613,32.0304,0.179161,10
194,0.724613,32.0304,0.179161,10
195,0.724613,32.0304,0.179161,10
196,0.724613,32.0304,0.179161,10
197,0.746448,32.3437,0.160456,9
198,0.746448,32.3437,0.160456,9
199,0.746448,32.3437,0.160456,9
200,0.746448,32.3437,0.160456,9
201,0.746448,32.3437,0.160456,9
202,0.71098,33.0349,0.187697,10
203,0.71098,33.0349,0.187697,10
204,0.71098,33.0349,0.187697,10
205,0.71098,33.0349,0.187697,10
206,0.71098,33.0349,0.187697,10
207,0.71098,33.0349,0.187697,10
208,0.71098,33.0349,0.187697,10
209,0.71098,33.0349,0.187697,10
210,0.71098,33.0349,0.187697,10
211,0.71098,33.0349,0.187697,10
212,0.71098,33.0349,0.187697,10
213,0.71098,33.0349,0.187697,10
214,0.71098,33.0349,0.187697,10
215,0.71098,33.0349,0.187697,10
216,0.71098,33.0349,0.187697,10
217,0.71098,33.0349,0.187697,10
218,0.71098,33.0349,0.187697,10
219,0.71098,33.0349,0.187697,10
220,0.729742,33.8636,0.199287,11
221,0.729742,33.8636,0.199287,11
222,0.674393,34.402,0.208111,12
223,0.640025,34.4263,0.195983,13
224,0.640025,34.4263,0.195983,13
225,0.640025,34.4263,0.195983,13
226,0.640025,34.4263,0.195983,13
227,0.615487,35.2161,0.176205,15
228,0.596785,35.4132,0.165192,16
229,0.596785,35.4132,0.165192,16
230,0.596785,35.4132,0.165192,16
231,0.542303,35.7457,0.168146,17
232,0.542303,35.7457,0.168146,17
233,0.542303,35.7457,0.168146,17
234,0.542303,35.7457,0.168146,17
235,0.542303,35.7457,0.168146,17
236,0.542303,35.7457,0.168146,17
237,0.508488,36.3799,0.168985,18
238,0.508488,36.3799,0.168985,18
239,0.508488,36.3799,0.168985,18
240,0.508488,36.3799,0.168985,18
241,0.508488,36.3799,0.168985,18
242,0.508488,36.3799,0.168985,18
243,0.508488,36.3799,0.168985,18
244,0.508488,36.3799,0.168985,18
245,0.508488,36.3799,0.168985,18
246,0.508488,36.3799,0.168985,18
247,0.508488,36.3799,0.168985,18
248,0.508488,36.3799,0.168985,18
249,0.508488,36.3799,0.168985,18
250,0.508488,36.3799,0.168985,18
251,0.508488,36.3799,0.168985,18
252,0.508488,36.3799,0.168985,18
253,0.508488,36.3799,0.168985,18
254,0.508488,36.3799,0.168985,18
255,0.508488,36.3799,0.168985,18
256,0.508488,36.3799,0.168985,18
257,0.508488,36.3799,0.168985,18
258,0.508488,36.3799,0.168985,18
259,0.508488,36.3799,0.168985,18
260,0.508488,36.3799,0.168985,18
261,0.508488,36.3799,0.168985,18
262,0.508488,36.3799,0.168985,18
263,0.508488,36.3799,0.168985,18
264,0.508488,36.3799,0.168985,18
265,0.508488,36.3799,0.168985,18
266,0.508488,36.3799,0.168985,18
267,0.508488,36.3799,0.168985,18
268,0.508488,36.3799,0.168985,18
269,0.508488,36.3799,0.168985,18
270,0.482311,36.7602,0.177643,19
271,0.482311,36.7602,0.177643,19
272,0.482311,36.7602,0.177643,19
273,0.482311,36.7602,0.177643,19
274,0.482311,36.7602,0.177643,19
275,0.487342,36.7503,0.163464,18
276,0.487342,36.7503,0.163464,18
277,0.487342,36.7503,0.163464,18
278,0.487342,36.7503,0.163464,18
279,0.487342,36.7503,0.163464,18
280,0.487342,36.7503,0.163464,18
281,0.487342,36.7503,0.163464,18
282,0.487342,36.7503,0.163464,18
283,0.487342,36.7503,0.163464,18
284,0.487342,36.7503,0.163464,18
285,0.483444,37.0916,0.170113,17
286,0.483444,37.0916,0.170113,17
287,0.483444,37.0916,0.170113,17
288,0.483444,37.0916,0.170113,17
289,0.483444,37.0916,0.170113,17
290,0.483444,37.0916,0.170113,17
291,0.483444,37.0916,0.170113,17
292,0.483444,37.0916,0.170113,17
293,0.562753,37.8048,0.171392,20
294,0.513952,38.3289,0.175537,20
295,0.513952,38.3289,0.175537,20
296,0.560306,38.7116,0.171649,21
297,0.560306,38.7116,0.171649,21
298,0.560306,38.7116,0.171649,21
299,0.547672,39.5657,0.159802,23
300,0.547672,39.5657,0.159802,23
301,0.547672,39.5657,0.159802,23
302,0.527751,40.1664,0.147018,25
303,0.54974,40.3601,0.144168,24
304,0.54974,40.3601,0.144168,24
305,0.541718,40.5474,0.138401,25
306,0.541718,40.5474,0.138401,25
307,0.526656,40.8443,0.142219,26
308,0.526656,40.8443,0.142219,26
309,0.526656,40.8443,0.142219,26
310,0.526656,40.8443,0.142219,26
311,0.526656,40.8443,0.142219,26
312,0.526656,40.8443,0.142219,26
313,0.526656,40.8443,0.142219,26
314,0.526656,40.8443,0.142219,26
315,0.526656,40.8443,0.142219,26
316,0.526656,40.8443,0.142219,26
317,0.512569,41.2088,0.142595,27
318,0.512569,41.2088,0.142595,27
319,0.512569,41.2088,0.142595,27
320,0.512569,41.2088,0.142595,27
321,0.491299,41.4306,0.14356,28
322,0.491299,41.4306,0.14356,28
323,0.491299,41.4306,0.14356,28
324,0.491299,41.4306,0.14356,28
325,0.491299,41.4306,0.14356,28
326,0.491299,41.4306,0.14356,28
327,0.491299,41.4306,0.14356,28
328,0.491299,41.4306,0.14356,28
329,0.491299,41.4306,0.14356,28
330,0.491299,41.4306,0.14356,28
331,0.491299,41.4306,0.14356,28
332,0.491299,41.4306,0.14356,28
333,0.491299,41.4306,0.14356,28
334,0.491299,41.4306,0.14356,28
335,0.491299,41.4306,0.14356,28
336,0.491299,41.4306,0.14356,28
337,0.491299,41.4306,0.14356,28
338,0.491299,41.4306,0.14356,28
339,0.491299,41.4306,0.14356,28
340,0.491299,41.4306,0.14356,28
341,0.491299,41.4306,0.14356,28
342,0.509083,41.6213,0.136526,27
343,0.509083,41.6213,0.136526,27
344,0.509083,41.6213,0.136526,27
345,0.509083,41.6213,0.136526,27
346,0.509083,41.6213,0.136526,27
347,0.509083,41.6213,0.136526,27
348,0.509083,41.6213,0.136526,27
349,0.509083,41.6213,0.136526,27
350,0.509083,41.6213,0.136526,27
351,0.509083,41.6213,0.136526,27
352,0.528663,41.6489,0.129558,26
353,0.528663,41.6489,0.129558,26
354,0.528663,41.6489,0.129558,26
355,0.528663,41.6489,0.129558,26
356,0.528663,41.6489,0.129558,26
357,0.528663,41.6489,0.129558,26
358,0.528663,41.6489,0.129558,26
359,0.528663,41.6489,0.129558,26
360,0.528663,41.6489,0.129558,26
361,0.528663,41.6489,0.129558,26
362,0.505968,41.7345,0.127625,27
363,0.505968,41.7345,0.127625,27
364,0.505968,41.7345,0.127625,27
365,0.505968,41.7345,0.127625,27
366,0.505968,41.7345,0.127625,27
367,0.505968,41.7345,0.127625,27
368,0.505968,41.7345,0.127625,27
369,0.505968,41.7345,0.127625,27
370,0.506288,42.0125,0.134159,29
371,0.506288,42.0125,0.134159,29
372,0.506288,42.0125,0.134159,29
373,0.488655,42.0865,0.128678,28
374,0.469717,42.1581,0.124793,27
375,0.469717,42.1581,0.124793,27
376,0.482099,42.9493,0.13116,30
377,0.482099,42.9493,0.13116,30
378,0.467429,43.0828,0.132268,29
379,0.467429,43.0828,0.132268,29
380,0.448681,43.2345,0.13004,30
381,0.448681,43.2345,0.13004,30
382,0.444569,43.372,0.125845,31
383,0.444569,43.372,0.125845,31
384,0.444569,43.372,0.125845,31
385,0.444569,43.372,0.125845,31
386,0.444569,43.372,0.125845,31
387,0.420867,43.732,0.121332,33
388,0.409019,44.3864,0.120234,35
389,0.409019,44.3864,0.120234,35
390,0.418833,45.1343,0.117156,37
391,0.416227,45.2909,0.121821,38
392,0.416227,45.2909,0.121821,38
393,0.416227,45.2909,0.121821,38
394,0.416825,45.3398,0.120744,37
395,0.416825,45.3398,0.120744,37
396,0.416825,45.3398,0.120744,37
397,0.416825,45.3398,0.120744,37
398,0.416825,45.3398,0.120744,37
399,0.416825,45.3398,0.120744,37
400,0.416825,45.3398,0.120744,37
401,0.416825,45.3398,0.120744,37
402,0.416825,45.3398,0.120744,37
403,0.416825,45.3398,0.120744,37
404,0.416825,45.3398,0.120744,37
405,0.416825,45.3398,0.120744,37
406,0.416825,45.3398,0.120744,37
407,0.392693,45.4934,0.12094,38
408,0.381182,45.6924,0.122182,39
409,0.381182,45.6924,0.122182,39
410,0.378356,45.9158,0.125725,40
411,0.378356,45.9158,0.125725,40
412,0.369128,46.1318,0.132761,41
413,0.369128,46.1318,0.132761,41
414,0.369128,46.1318,0.132761,41
415,0.369128,46.1318,0.132761,41
416,0.369128,46.1318,0.132761,41
417,0.369128,46.1318,0.132761,41
418,0.369128,46.1318,0.132761,41
419,0.369128,46.1318,0.132761,41
420,0.369128,46.1318,0.132761,41
421,0.369128,46.1318,0.132761,41
422,0.369128,46.1318,0.132761,41
423,0.369128,46.1318,0.132761,41
424,0.369128,46.1318,0.132761,41
425,0.369128,46.1318,0.132761,41
426,0.369128,46.1318,0.132761,41
427,0.369128,46.1318,0.132761,41
428,0.369128,46.1318,0.132761,41
429,0.369128,46.1318,0.132761,41
430,0.369128,46.1318,0.132761,41
431,0.369128,46.1318,0.132761,41
432,0.369128,46.1318,0.132761,41
433,0.369128,46.1318,0.132761,41
434,0.369128,46.1318,0.132761,41
435,0.369128,46.1318,0.132761,41
436,0.369128,46.1318,0.132761,41
437,0.369128,46.1318,0.132761,41
438,0.375001,46.2288,0.130565,42
439,0.375001,46.2288,0.130565,42
440,0.375001,46.2288,0.130565,42
441,0.375001,46.2288,0.130565,42
442,0.375001,46.2288,0.130565,42
443,0.375001,46.2288,0.130565,42
444,0.379031,46.2041,0.128737,43
445,0.379031,46.2041,0.128737,43
446,0.379031,46.2041,0.128737,43
447,0.372861,46.3144,0.125811,44
448,0.372861,46.3144,0.125811,44
449,0.372861,46.3144,0.125811,44
450,0.372861,46.3144,0.125811,44
451,0.372861,46.3144,0.125811,44
452,0.372861,46.3144,0.125811,44
453,0.372861,46.3144,0.125811,44
454,0.380715,46.4714,0.129102,45
455,0.380715,46.4714,0.129102,45
456,0.380715,46.4714,0.129102,45
457,0.372477,46.603,0.128519,46
458,0.372477,46.603,0.128519,46
459,0.36522,46.7512,0.133041,47
460,0.378085,46.7242,0.130269,48
461,0.378085,46.7242,0.130269,48
462,0.378085,46.7242,0.130269,48
463,0.390778,46.7075,0.128701,49
464,0.390778,46.7075,0.128701,49
465,0.397815,46.876,0.129938,50
466,0.397815,46.876,0.129938,50
467,0.395211,47.0566,0.129584,51
468,0.395988,47.1961,0.130948,52
469,0.383699,47.3654,0.128478,53
470,0.386454,47.4807,0.12162,53
471,0.400028,47.5439,0.121163,54
472,0.400028,47.5439,0.121163,54
473,0.400028,47.5439,0.121163,54
474,0.400028,47.5439,0.121163,54
475,0.400028,47.5439,0.121163,54
476,0.397864,47.6523,0.123085,55
477,0.397864,47.6523,0.123085,55
478,0.390381,47.8604,0.119932,57
479,0.390381,47.8604,0.119932,57
480,0.390381,47.8604,0.119932,57
481,0.386198,48.037,0.117864,58
482,0.393326,48.1726,0.11915,58
483,0.393326,48.1726,0.11915,58
484,0.395477,48.4449,0.119419,60
485,0.395477,48.4449,0.119419,60
486,0.388993,48.5617,0.120121,61
487,0.385466,48.7689,0.11964,62
488,0.387755,48.9232,0.117741,63
489,0.387699,49.1808,0.115919,65
490,0.384811,49.3557,0.115764,66
491,0.395082,49.5667,0.114699,68
492,0.395082,49.5667,0.114699,68
493,0.395082,49.5667,0.114699,68
494,0.395082,49.5667,0.114699,68
495,0.395082,49.5667,0.114699,68
496,0.395082,49.5667,0.114699,68
497,0.395082,49.5667,0.114699,68
498,0.395082,49.5667,0.114699,68
499,0.395082,49.5667,0.114699,68
500,0.396618,49.6151,0.115169,69
501,0.396618,49.6151,0.115169,69
502,0.396618,49.6151,0.115169,69
503,0.396618,49.6151,0.115169,69
504,0.396618,49.6151,0.115169,69
505,0.390485,49.7629,0.114436,70
506,0.384985,49.9241,0.117866,71
507,0.390372,50.0445,0.116229,72
508,0.390372,50.0445,0.116229,72
509,0.395797,50.1217,0.117557,73
510,0.398388,50.1235,0.116644,72
511,0.401268,50.114,0.11457,71
512,0.401268,50.114,0.11457,71
513,0.401268,50.114,0.11457,71
514,0.401268,50.114,0.11457,71
515,0.407001,50.0922,0.11029,70
516,0.407001,50.0922,0.11029,70
517,0.407001,50.0922,0.11029,70
518,0.407001,50.0922,0.11029,70
519,0.407001,50.0922,0.11029,70
520,0.407001,50.0922,0.11029,70
521,0.407001,50.0922,0.11029,70
522,0.407001,50.0922,0.11029,70
523,0.407001,50.0922,0.11029,70
524,0.407001,50.0922,0.11029,70
525,0.408517,50.0958,0.109842,71
526,0.408517,50.0958,0.109842,71
527,0.409157,50.0819,0.11121,72
528,0.412744,50.1719,0.109686,73
529,0.412744,50.1719,0.109686,73
530,0.412744,50.1719,0.109686,73
531,0.412744,50.1719,0.109686,73
532,0.412744,50.1719,0.109686,73
533,0.407642,50.2406,0.110039,74
534,0.407642,50.2406,0.110039,74
535,0.407642,50.2406,0.110039,74
536,0.398575,50.2805,0.110972,75
537,0.398575,50.2805,0.110972,75
538,0.39533,50.3165,0.109512,76
539,0.39533,50.3165,0.109512,76
540,0.39533,50.3165,0.109512,76
541,0.39533,50.3165,0.109512,76
542,0.39533,50.3165,0.109512,76
543,0.39533,50.3165,0.109512,76
544,0.402628,50.2645,0.109643,77
545,0.402628,50.2645,0.109643,77
546,0.40115,50.282,0.113546,78
547,0.40115,50.282,0.113546,78
548,0.40115,50.282,0.113546,78
549,0.408731,50.2698,0.112109,79
550,0.413374,50.2925,0.113017,80
551,0.413374,50.2925,0.113017,80
552,0.413599,50.3355,0.113095,81
553,0.415728,50.417,0.109378,80
554,0.415728,50.417,0.109378,80
555,0.431752,50.6017,0.114673,83
556,0.4348,50.6673,0.115683,84
557,0.4348,50.6673,0.115683,84
558,0.4348,50.6673,0.115683,84
559,0.4348,50.6673,0.115683,84
560,0.43629,50.7072,0.113027,84
561,0.435175,50.8221,0.112753,85
562,0.434731,50.9272,0.109465,85
563,0.434731,50.9272,0.109465,85
564,0.434731,50.9272,0.109465,85
565,0.433186,51.0343,0.110615,86
566,0.433186,51.0343,0.110615,86
567,0.438361,51.0958,0.111198,87
568,0.451608,51.2902,0.11187,90
569,0.446256,51.5092,0.110262,93
570,0.44991,51.6373,0.110141,94
571,0.44991,51.6373,0.110141,94
572,0.453387,51.7257,0.109699,95
573,0.453387,51.7257,0.109699,95
574,0.448664,51.781,0.109747,96
575,0.447412,51.8628,0.109391,97
576,0.447412,51.8628,0.109391,97
577,0.447412,51.8628,0.109391,97
578,0.447412,51.8628,0.109391,97
579,0.446211,51.9443,0.108275,98
580,0.448908,52.011,0.107181,99
581,0.448908,52.011,0.107181,99
582,0.440504,52.0891,0.106207,100
583,0.446154,52.2345,0.107577,102
584,0.446154,52.2345,0.107577,102
585,0.446858,52.3559,0.106797,104
586,0.445126,52.4997,0.103357,105
587,0.444432,52.5109,0.106246,106
588,0.444432,52.5109,0.106246,106
589,0.444432,52.5109,0.106246,106
590,0.441835,52.6284,0.105247,108
591,0.445964,52.6308,0.104714,107
592,0.451065,52.6751,0.105826,108
593,0.451065,52.6751,0.105826,108
594,0.448382,52.7352,0.105778,109
595,0.448382,52.7352,0.105778,109
596,0.446877,52.8752,0.104579,111
597,0.443519,52.9728,0.103645,112
598,0.439594,53.0748,0.103885,113
599,0.437712,53.2848,0.104984,116
600,0.438383,53.4585,0.105768,118
601,0.434699,53.5708,0.104879,119
602,0.424113,53.749,0.103684,120
603,0.424113,53.749,0.103684,120
604,0.424113,53.749,0.103684,120
605,0.424113,53.749,0.103684,120
606,0.424113,53.749,0.103684,120
607,0.424113,53.749,0.103684,120
608,0.424113,53.749,0.103684,120
609,0.424113,53.749,0.103684,120
610,0.422499,53.7309,0.104475,121
611,0.419036,53.7757,0.105887,122
612,0.419036,53.7757,0.105887,122
613,0.416791,53.8385,0.106469,123
614,0.416791,53.8385,0.106469,123
615,0.4278,53.9773,0.106536,125
616,0.433211,53.9868,0.10717,126
617,0.429012,54.0348,0.107068,128
618,0.435552,54.0008,0.106203,130
619,0.435552,54.0008,0.106203,130
620,0.432461,54.1039,0.106504,131
621,0.430233,54.1888,0.107007,131
622,0.430233,54.1888,0.107007,131
623,0.430233,54.1888,0.107007,131
624,0.430233,54.1888,0.107007,131
625,0.430233,54.1888,0.107007,131
626,0.430233,54.1888,0.107007,131
627,0.425755,54.2489,0.106196,132
628,0.425755,54.2489,0.106196,132
629,0.425755,54.2489,0.106196,132
630,0.428988,54.2444,0.106507,133
631,0.428988,54.2444,0.106507,133
632,0.421755,54.3547,0.107074,135
633,0.426673,54.3891,0.108434,136
634,0.43321,54.3751,0.10758,139
635,0.431918,54.3896,0.106812,140
636,0.431918,54.3896,0.106812,140
637,0.430351,54.3686,0.109543,141
638,0.431294,54.3905,0.108772,142
639,0.431294,54.3905,0.108772,142
640,0.431294,54.3905,0.108772,142
641,0.434117,54.4167,0.108642,143
642,0.435822,54.3894,0.108,144
643,0.435822,54.3894,0.108,144
644,0.435822,54.3894,0.108,144
645,0.433894,54.3879,0.109158,145
646,0.437771,54.411,0.10841,146
647,0.437771,54.411,0.10841,146
648,0.437771,54.411,0.10841,146
649,0.437771,54.411,0.10841,146
650,0.439256,54.4278,0.107269,145
651,0.441075,54.4307,0.109539,146
652,0.441075,54.4307,0.109539,146
653,0.441075,54.4307,0.109539,146
654,0.440878,54.4726,0.109026,147
655,0.440878,54.4726,0.109026,147
656,0.436593,54.5341,0.109802,147
657,0.436593,54.5341,0.109802,147
658,0.436593,54.5341,0.109802,147
659,0.427442,54.5825,0.106408,146
660,0.427442,54.5825,0.106408,146
661,0.432639,54.6581,0.107155,147
662,0.432734,54.7132,0.106936,148
663,0.436172,54.8226,0.109452,150
664,0.436172,54.8226,0.109452,150
665,0.436172,54.8226,0.109452,150
666,0.430294,54.8702,0.110086,151
667,0.430294,54.8702,0.110086,151
668,0.434042,54.8857,0.112154,152
669,0.435815,55.04,0.11209,155
670,0.431748,55.1259,0.110814,157
671,0.428965,55.2164,0.111455,157
672,0.430131,55.2591,0.111033,158
673,0.430131,55.2591,0.111033,158
674,0.427426,55.3129,0.111288,159
675,0.421317,55.3764,0.110927,161
676,0.417453,55.4148,0.109035,161
677,0.42038,55.5101,0.107712,163
678,0.419888,55.5435,0.108392,165
679,0.419888,55.5435,0.108392,165
680,0.422137,55.6145,0.108159,166
681,0.420796,55.6765,0.107829,167
682,0.416451,55.7333,0.107183,167
683,0.420412,55.7704,0.106545,168
684,0.422692,55.8366,0.105915,169
685,0.422692,55.8366,0.105915,169
686,0.424129,55.9582,0.10678,171
687,0.426075,55.946,0.106827,170
688,0.433413,56.0106,0.105893,170
689,0.43562,56.076,0.106261,172
690,0.44009,56.074,0.10607,173
691,0.440552,56.1495,0.105848,175
692,0.440552,56.1495,0.105848,175
693,0.442117,56.326,0.10743,180
694,0.446692,56.3698,0.106836,181
695,0.446692,56.3698,0.106836,181
696,0.454984,56.581,0.107549,186
697,0.454984,56.581,0.107549,186
698,0.454984,56.581,0.107549,186
699,0.453603,56.6557,0.10822,188
700,0.454409,56.7677,0.10694,191
701,0.454409,56.7677,0.10694,191
702,0.454409,56.7677,0.10694,191
703,0.452297,56.8244,0.106097,193
704,0.452297,56.8244,0.106097,193
705,0.449445,56.8281,0.105821,192
706,0.447102,56.9034,0.105569,194
707,0.451291,56.9438,0.106935,195
708,0.453717,56.93,0.106522,196
709,0.455322,57.0257,0.105446,198
710,0.454872,57.0881,0.104879,198
711,0.458107,57.2146,0.103732,199
712,0.458107,57.2146,0.103732,199
713,0.458107,57.2146,0.103732,199
714,0.460126,57.4069,0.10252,202
715,0.46596,57.5577,0.103858,206
716,0.462501,57.5886,0.104987,209
717,0.462339,57.7045,0.105514,211
718,0.464744,57.7397,0.105763,212
719,0.465751,57.8318,0.105756,215
720,0.463458,57.8398,0.105895,216
721,0.464792,57.8295,0.107147,217
722,0.463829,57.8754,0.107091,218
723,0.465289,57.9799,0.107282,221
724,0.460664,58.0989,0.106487,224
725,0.463513,58.0445,0.106269,224
726,0.464924,58.0989,0.105797,225
727,0.467824,58.1412,0.106235,227
728,0.467695,58.1719,0.106,228
729,0.46482,58.2494,0.106126,230
730,0.4677,58.2881,0.106351,231
731,0.465136,58.2638,0.105925,232
732,0.467688,58.3088,0.103978,232
733,0.467415,58.361,0.104298,232
734,0.465176,58.4074,0.105007,233
735,0.463611,58.4833,0.10323,233
736,0.462054,58.568,0.102994,235
737,0.464876,58.5633,0.102613,237
738,0.462328,58.5316,0.105215,239
739,0.462328,58.5316,0.105215,239
740,0.463284,58.5693,0.104408,240
741,0.465979,58.5808,0.103975,241
742,0.465488,58.6432,0.104845,244
743,0.459348,58.7469,0.105242,246
744,0.457488,58.7637,0.105378,247
745,0.457618,58.8085,0.105008,249
746,0.456275,58.8225,0.104642,251
747,0.456275,58.8225,0.104642,251
748,0.458318,58.8919,0.103815,253
749,0.458318,58.8919,0.103815,253
750,0.45831,58.898,0.103406,254
751,0.456169,58.9327,0.102081,253
752,0.456169,58.9327,0.102081,253
753,0.456169,58.9327,0.102081,253
754,0.45831,58.9472,0.101679,254
755,0.458454,58.9644,0.101351,253
756,0.457088,58.9792,0.101912,254
757,0.457088,58.9792,0.101912,254
758,0.457088,58.9792,0.101912,254
759,0.457088,58.9792,0.101912,254
760,0.457088,58.9792,0.101912,254
761,0.457088,58.9792,0.101912,254
762,0.457088,58.9792,0.101912,254
763,0.457088,58.9792,0.101912,254
764,0.456707,59.0023,0.101997,256
765,0.45493,59.0289,0.101733,257
766,0.454124,59.0432,0.10227,258
767,0.454124,59.0432,0.10227,258
768,0.454388,59.0621,0.102258,259
769,0.454388,59.0621,0.102258,259
770,0.455739,59.093,0.101977,260
771,0.455739,59.093,0.101977,260
772,0.455739,59.093,0.101977,260
773,0.455739,59.093,0.101977,260
774,0.45611,59.1008,0.103712,261
775,0.45611,59.1008,0.103712,261
776,0.4557,59.1167,0.103911,262
777,0.454455,59.1936,0.102714,263
778,0.454455,59.1936,0.102714,263
779,0.455518,59.2239,0.103515,266
780,0.456031,59.2386,0.103145,265
781,0.452254,59.2733,0.101993,265
782,0.453087,59.3446,0.103519,267
783,0.452294,59.3571,0.103133,268
784,0.450816,59.4251,0.103505,271
785,0.453131,59.4333,0.103124,272
786,0.453634,59.4472,0.103928,273
787,0.456049,59.4974,0.104412,274
788,0.459908,59.5285,0.103701,275
789,0.462769,59.5515,0.103537,276
790,0.461835,59.6468,0.102951,279
791,0.460942,59.7183,0.103087,281
792,0.460285,59.779,0.103975,282
793,0.458379,59.8033,0.103963,283
794,0.461601,59.8025,0.103597,284
795,0.460767,59.8308,0.10363,286
796,0.460767,59.8308,0.10363,286
797,0.458595,59.9424,0.103227,290
798,0.459825,59.9474,0.104143,291
799,0.459825,59.9474,0.104143,291
800,0.461906,59.9902,0.10477,293
801,0.459211,60.0173,0.104346,295
802,0.458169,60.0608,0.103934,297
803,0.46001,60.1214,0.103545,298
804,0.456235,60.2125,0.103364,299
805,0.462124,60.2591,0.103282,302
806,0.458038,60.3335,0.103827,303
807,0.454089,60.3786,0.103035,307
808,0.454459,60.3964,0.103118,308
809,0.456245,60.419,0.10485,310
810,0.454682,60.432,0.104639,310
811,0.457176,60.4716,0.103688,313
812,0.458086,60.565,0.102954,315
813,0.460866,60.6481,0.10284,318
814,0.46119,60.6667,0.101848,318
815,0.462953,60.6905,0.101626,319
816,0.465459,60.716,0.101792,322
817,0.463497,60.7522,0.101509,326
818,0.464299,60.7884,0.101263,327
819,0.469747,60.8828,0.100841,331
820,0.469653,60.9271,0.101092,333
821,0.468334,61.0799,0.100332,337
822,0.468334,61.0799,0.100332,337
823,0.468334,61.0799,0.100332,337
824,0.471356,61.1286,0.103694,341
825,0.473172,61.1549,0.104785,343
826,0.471797,61.1583,0.105027,344
827,0.470156,61.2609,0.103905,346
828,0.468202,61.2988,0.103252,349
829,0.467002,61.3283,0.102563,352
830,0.467843,61.3553,0.102273,353
831,0.467672,61.4362,0.101692,354
832,0.465499,61.4707,0.101778,355
833,0.464264,61.4512,0.101883,356
834,0.464264,61.4512,0.101883,356
835,0.465288,61.4607,0.103146,358
836,0.466121,61.5366,0.102172,358
837,0.46479,61.5476,0.102616,359
838,0.46479,61.5476,0.102616,359
839,0.46518,61.6434,0.103212,364
840,0.465419,61.6926,0.102452,365
841,0.467329,61.8004,0.101626,370
842,0.466069,61.8259,0.101729,371
843,0.468499,61.87,0.101484,372
844,0.465144,61.9139,0.10092,376
845,0.465841,61.9953,0.100655,376
846,0.468628,62.0894,0.100554,381
847,0.468628,62.0894,0.100554,381
848,0.469847,62.1042,0.101475,382
849,0.470235,62.1283,0.101814,383
850,0.470235,62.1283,0.101814,383
851,0.467694,62.1651,0.102596,386
852,0.466883,62.2101,0.101928,386
853,0.468624,62.263,0.101507,389
854,0.465459,62.3213,0.100684,392
855,0.464888,62.3307,0.100504,395
856,0.464235,62.4245,0.101086,400
857,0.460218,62.4695,0.100912,402
858,0.462887,62.5538,0.101303,405
859,0.462397,62.575,0.101072,407
860,0.463736,62.608,0.100693,409
861,0.463499,62.6274,0.100352,409
862,0.4642,62.7193,0.10004,412
863,0.46655,62.7856,0.100025,416
864,0.465278,62.8012,0.0996718,417
865,0.46503,62.8093,0.0995308,418
866,0.464346,62.8439,0.0995899,419
867,0.464346,62.8439,0.0995899,419
868,0.46687,62.9245,0.0990226,421
869,0.466624,62.9353,0.0988144,422
870,0.466456,62.958,0.0985884,423
871,0.466456,62.958,0.0985884,423
872,0.467746,62.9625,0.0986033,424
873,0.468513,62.9759,0.0983713,425
874,0.469098,62.9934,0.0987999,426
875,0.4677,63.0459,0.0988565,428
876,0.4677,63.0459,0.0988565,428
877,0.464409,63.0741,0.099137,430
878,0.464409,63.0741,0.099137,430
879,0.465102,63.0639,0.0991329,429
880,0.465611,63.0783,0.0988026,428
881,0.46636,63.1087,0.0986827,429
882,0.466136,63.1282,0.0985133,431
883,0.466902,63.12,0.0989691,432
884,0.465823,63.1276,0.0987529,433
885,0.465823,63.1276,0.0987529,433
886,0.467054,63.1415,0.0985254,434
887,0.466921,63.1472,0.0984725,435
888,0.468249,63.1653,0.0982466,436
889,0.468249,63.1653,0.0982466,436
890,0.468249,63.1653,0.0982466,436
891,0.468729,63.1756,0.09856,437
892,0.468234,63.1838,0.0986311,438
893,0.469838,63.2141,0.0986669,440
894,0.469026,63.2319,0.0975386,441
895,0.469979,63.2475,0.0985146,442
896,0.469883,63.2587,0.0982922,443
897,0.469959,63.2729,0.0997101,443
898,0.469758,63.2677,0.0996472,444
899,0.469758,63.2677,0.0996472,444
900,0.468883,63.2929,0.0989851,445
901,0.468837,63.3264,0.0999812,447
902,0.469523,63.3333,0.0997581,448
903,0.472717,63.3977,0.099607,453
904,0.472717,63.3977,0.099607,453
905,0.471145,63.3978,0.0994504,455
906,0.46998,63.4053,0.0990723,454
907,0.469434,63.4557,0.0985149,454
908,0.468704,63.4752,0.0982984,455
909,0.472072,63.5378,0.0995422,459
910,0.476594,63.5909,0.100186,461
911,0.476594,63.5909,0.100186,461
912,0.477681,63.6239,0.100227,463
913,0.4783,63.6748,0.100587,464
914,0.478302,63.7056,0.100133,466
915,0.481072,63.7334,0.100454,469
916,0.481072,63.7334,0.100454,469
917,0.476649,63.7988,0.101588,473
918,0.476326,63.7838,0.101373,474
919,0.474002,63.8136,0.101506,477
920,0.473431,63.8949,0.101552,483
921,0.473069,63.9183,0.100838,486
922,0.47458,63.9585,0.100623,487
923,0.477238,63.9772,0.101089,493
924,0.475156,64.0393,0.101431,498
925,0.476189,64.0736,0.101555,500
926,0.47959,64.1505,0.101586,506
927,0.480312,64.1595,0.101263,506
928,0.480761,64.1788,0.100817,506
929,0.483523,64.2211,0.10159,509
930,0.482949,64.2716,0.101671,514
931,0.482412,64.3181,0.101875,517
932,0.481213,64.3959,0.101528,520
933,0.481933,64.4189,0.101139,522
934,0.48135,64.438,0.101821,525
935,0.48123,64.4343,0.101801,529
936,0.483164,64.4512,0.101621,529
937,0.482594,64.4992,0.101206,530
938,0.481304,64.567,0.101087,534
939,0.482377,64.6406,0.100996,538
940,0.482586,64.6621,0.101398,540
941,0.480387,64.7312,0.101327,545
942,0.479416,64.8167,0.100793,552
943,0.478226,64.8206,0.100872,554
944,0.479999,64.9008,0.100571,560
945,0.482175,64.9124,0.100415,562
946,0.481379,64.9675,0.0998823,565
947,0.480697,65.0002,0.100683,569
948,0.486244,65.1058,0.101177,576
949,0.486244,65.1058,0.101177,576
950,0.487546,65.1683,0.101064,579
951,0.489291,65.1981,0.101434,582
952,0.489864,65.2497,0.102278,586
953,0.49198,65.3009,0.102027,590
954,0.492591,65.3029,0.102353,592
955,0.493256,65.3403,0.102291,595
956,0.492564,65.4043,0.102078,599
957,0.491227,65.4257,0.101666,602
958,0.489504,65.4556,0.101468,603
959,0.488137,65.4948,0.101323,604
960,0.487772,65.5372,0.101621,606
961,0.487055,65.5588,0.101292,611
962,0.485105,65.6017,0.101059,615
963,0.485478,65.6369,0.101081,617
964,0.485079,65.6518,0.100892,620
965,0.483819,65.6882,0.101133,622
966,0.484246,65.7234,0.10102,624
967,0.482102,65.7428,0.100736,627
968,0.482269,65.782,0.100701,628
969,0.48259,65.8169,0.101475,629
970,0.483358,65.8173,0.101229,628
971,0.484172,65.8498,0.100761,631
972,0.486583,65.8784,0.101517,632
973,0.488439,65.9354,0.100965,637
974,0.487587,65.9685,0.101281,639
975,0.487153,66.0246,0.100333,640
976,0.485378,66.0612,0.100075,644
977,0.483352,66.073,0.0996349,645
978,0.481816,66.079,0.0996171,646
979,0.484087,66.1303,0.099856,649
980,0.485343,66.1999,0.0998019,654
981,0.485485,66.2368,0.0992109,655
982,0.48739,66.2799,0.0990352,658
983,0.488824,66.308,0.0985618,660
984,0.489083,66.3715,0.0987914,663
985,0.488685,66.4011,0.0984043,664
986,0.489573,66.4721,0.0979194,670
987,0.488614,66.5415,0.0978933,673
988,0.490439,66.6149,0.0983309,680
989,0.490352,66.6365,0.0978782,683
990,0.490585,66.6659,0.0974997,684
991,0.489753,66.7265,0.0972533,688
992,0.489069,66.7713,0.0976701,692
993,0.490228,66.8038,0.0972485,695
994,0.492637,66.8463,0.0970175,698
995,0.490975,66.8842,0.0974806,701
996,0.491311,66.9321,0.0973689,705
997,0.492455,66.9313,0.0973761,705
998,0.493805,67.0222,0.0981169,712
999,0.4941,67.0597,0.0985389,714
