update,mean_coopval,mean_foodval,mean_p53,count
0,0.5,10,0.3,1
1,0.5,10,0.3,1
2,0.5,10,0.3,1
3,0.5,10,0.3,1
4,0.5,10,0.3,1
5,0.5,10,0.3,1
6,0.5,10,0.3,1
7,0.5,10,0.3,1
8,0.5,10,0.3,1
9,0.5,10,0.3,1
10,0.5,10,0.3,1
11,0.5,10,0.3,1
12,0.5,10,0.3,1
13,0.5,10,0.3,1
14,0.5,10,0.3,1
15,0.5,10,0.3,1
16,0.5,10,0.3,1
17,0.5,10,0.3,1
18,0.5,10,0.3,1
19,0.5,10,0.3,1
20,0.5,9.88793,0.338908,2
21,0.5,9.88793,0.338908,2
22,0.5,9.88793,0.338908,2
23,0.5,9.88793,0.338908,2
24,0.5,9.88793,0.338908,2
25,0.5,9.88793,0.338908,2
26,0.5,9.88793,0.338908,2
27,0.5,9.88793,0.338908,2
28,0.5,9.88793,0.338908,2
29,0.5,9.88793,0.338908,2
30,0.5,9.88793,0.338908,2
31,0.5,9.88793,0.338908,2
32,0.5,9.88793,0.338908,2
33,0.5,9.88793,0.338908,2
34,0.5,9.88793,0.338908,2
35,0.5,9.88793,0.338908,2
36,0.5,9.88793,0.338908,2
37,0.5,9.88793,0.338908,2
38,0.5,9.88793,0.338908,2
39,0.5,9.88793,0.338908,2
40,0.439346,9.7792,0.374478,4
41,0.439346,9.7792,0.374478,4
42,0.439346,9.7792,0.374478,4
43,0.439346,9.7792,0.374478,4
44,0.439346,9.7792,0.374478,4
45,0.439346,9.7792,0.374478,4
46,0.439346,9.7792,0.374478,4
47,0.439346,9.7792,0.374478,4
48,0.439346,9.7792,0.374478,4
49,0.439346,9.7792,0.374478,4
50,0.439346,9.7792,0.374478,4
51,0.439346,9.7792,0.374478,4
52,0.439346,9.7792,0.374478,4
53,0.439346,9.7792,0.374478,4
54,0.439346,9.7792,0.374478,4
55,0.439346,9.7792,0.374478,4
56,0.439346,9.7792,0.374478,4
57,0.439346,9.7792,0.374478,4
58,0.439346,9.7792,0.374478,4
59,0.214408,9.6125,0.26251,5
60,0.268011,9.44184,0.275386,4
61,0.268011,9.44184,0.275386,4
62,0.268011,9.44184,0.275386,4
63,0.268011,9.44184,0.275386,4
64,0.268011,9.44184,0.275386,4
65,0.268011,9.44184,0.275386,4
66,0.268011,9.44184,0.275386,4
67,0.268011,9.44184,0.275386,4
68,0.268011,9.44184,0.275386,4
69,0.268011,9.44184,0.275386,4
70,0.268011,9.44184,0.275386,4
71,0.268011,9.44184,0.275386,4
72,0.268011,9.44184,0.275386,4
73,0.268011,9.44184,0.275386,4
74,0.268011,9.44184,0.275386,4
75,0.268011,9.44184,0.275386,4
76,0.268011,9.44184,0.275386,4
77,0.268011,9.44184,0.275386,4
78,0.154027,9.17932,0.28676,7
79,0.231047,9.19531,0.280686,8
80,0.231047,9.19531,0.280686,8
81,0.231047,9.19531,0.280686,8
82,0.231047,9.19531,0.280686,8
83,0.231047,9.19531,0.280686,8
84,0.231047,9.19531,0.280686,8
85,0.231047,9.19531,0.280686,8
86,0.231047,9.19531,0.280686,8
87,0.231047,9.19531,0.280686,8
88,0.231047,9.19531,0.280686,8
89,0.231047,9.19531,0.280686,8
90,0.231047,9.19531,0.280686,8
91,0.231047,9.19531,0.280686,8
92,0.231047,9.19531,0.280686,8
93,0.231047,9.19531,0.280686,8
94,0.231047,9.19531,0.280686,8
95,0.231047,9.19531,0.280686,8
96,0.367571,9.00033,0.27643,11
97,0.317231,8.97338,0.26471,12
98,0.287086,8.99661,0.253325,12
99,0.287086,8.99661,0.253325,12
100,0.287086,8.99661,0.253325,12
101,0.287086,8.99661,0.253325,12
102,0.287086,8.99661,0.253325,12
103,0.287086,8.99661,0.253325,12
104,0.287086,8.99661,0.253325,12
105,0.287086,8.99661,0.253325,12
106,0.287086,8.99661,0.253325,12
107,0.287086,8.99661,0.253325,12
108,0.287086,8.99661,0.253325,12
109,0.287086,8.99661,0.253325,12
110,0.287086,8.99661,0.253325,12
111,0.287086,8.99661,0.253325,12
112,0.287086,8.99661,0.253325,12
113,0.251361,8.97063,0.273428,12
114,0.215452,8.9587,0.245263,14
115,0.215452,8.9337,0.258939,14
116,0.201089,8.93048,0.267518,15
117,0.180697,8.92618,0.267038,15
118,0.175738,8.85653,0.2691,14
119,0.175738,8.85653,0.2691,14
120,0.175738,8.85653,0.2691,14
121,0.175738,8.85653,0.2691,14
122,0.175738,8.85653,0.2691,14
123,0.175738,8.85653,0.2691,14
124,0.175738,8.85653,0.2691,14
125,0.175738,8.85653,0.2691,14
126,0.175738,8.85653,0.2691,14
127,0.175738,8.85653,0.2691,14
128,0.175738,8.85653,0.2691,14
129,0.225561,8.7407,0.286329,15
130,0.294342,8.68495,0.292637,16
131,0.299116,8.5637,0.276538,17
132,0.282499,8.5454,0.264975,18
133,0.304169,8.56746,0.255704,21
134,0.35119,8.58072,0.253771,22
135,0.35119,8.58072,0.253771,22
136,0.370197,8.54413,0.242997,23
137,0.340137,8.57324,0.248956,24
138,0.340137,8.57324,0.248956,24
139,0.340137,8.57324,0.248956,24
140,0.340137,8.57324,0.248956,24
141,0.340137,8.57324,0.248956,24
142,0.340137,8.57324,0.248956,24
143,0.340137,8.57324,0.248956,24
144,0.340137,8.57324,0.248956,24
145,0.32648,8.65187,0.233564,22
146,0.295118,8.6173,0.215961,22
147,0.357447,8.48289,0.223185,25
148,0.387694,8.41658,0.228232,27
149,0.387694,8.41658,0.228232,27
150,0.407692,8.40629,0.220788,29
151,0.423767,8.35211,0.218011,31
152,0.413101,8.35653,0.234387,34
153,0.418078,8.28533,0.232706,35
154,0.434927,8.28117,0.233507,36
155,0.447354,8.25291,0.22915,35
156,0.447354,8.25291,0.22915,35
157,0.460511,8.2151,0.226972,34
158,0.460511,8.2151,0.226972,34
159,0.460511,8.2151,0.226972,34
160,0.460511,8.2151,0.226972,34
161,0.449725,8.17943,0.222946,35
162,0.448952,8.10239,0.213804,38
163,0.422549,8.04947,0.199127,39
164,0.429495,8.02357,0.196661,41
165,0.439317,8.02048,0.204553,42
166,0.431188,8.0147,0.200818,43
167,0.442789,7.99228,0.205687,46
168,0.461332,7.97426,0.197096,52
169,0.472976,7.9592,0.201208,55
170,0.486854,7.96986,0.207,59
171,0.49083,7.97374,0.203838,60
172,0.49083,7.97374,0.203838,60
173,0.49083,7.97374,0.203838,60
174,0.49083,7.97374,0.203838,60
175,0.49083,7.97374,0.203838,60
176,0.482638,7.93628,0.199413,62
177,0.467846,7.83669,0.191374,66
178,0.453543,7.78604,0.184942,69
179,0.442881,7.75716,0.186269,72
180,0.450202,7.7525,0.185371,74
181,0.440877,7.73126,0.184017,73
182,0.432105,7.70985,0.18009,74
183,0.451634,7.69139,0.174046,79
184,0.457496,7.6796,0.167328,85
185,0.461636,7.64958,0.159656,85
186,0.473422,7.6245,0.148341,84
187,0.484123,7.62914,0.154126,86
188,0.475197,7.63583,0.154135,88
189,0.469461,7.61217,0.150483,91
190,0.465167,7.57962,0.145981,96
191,0.465218,7.5282,0.139998,101
192,0.47146,7.49565,0.141618,104
193,0.466798,7.47372,0.14171,109
194,0.4724,7.45763,0.141544,110
195,0.478572,7.44312,0.140785,112
196,0.481729,7.43971,0.135455,111
197,0.472819,7.40952,0.129921,114
198,0.484439,7.37123,0.124895,120
199,0.484437,7.37413,0.12742,123
200,0.470798,7.34948,0.122462,129
201,0.473557,7.33348,0.123258,136
202,0.477135,7.2912,0.126528,142
203,0.477162,7.28012,0.130873,152
204,0.47726,7.23054,0.132475,158
205,0.485298,7.21687,0.132106,166
206,0.478966,7.20441,0.128996,172
207,0.475868,7.18868,0.12645,174
208,0.470967,7.18223,0.125211,178
209,0.465518,7.17647,0.129682,183
210,0.464744,7.17169,0.129531,185
211,0.452916,7.11889,0.127546,197
212,0.445329,7.08534,0.126035,206
213,0.443334,7.07038,0.126288,212
214,0.446581,7.03038,0.123821,220
215,0.442539,6.99643,0.122441,232
216,0.458447,6.94873,0.12213,243
217,0.450059,6.91602,0.120101,260
218,0.452001,6.88225,0.118813,272
219,0.4472,6.8701,0.118001,273
220,0.445597,6.84399,0.115558,282
221,0.444311,6.84654,0.11772,288
222,0.450169,6.83714,0.117042,299
223,0.453135,6.81178,0.116968,307
224,0.457304,6.7946,0.117345,319
225,0.454225,6.76066,0.116827,333
226,0.457491,6.74966,0.116746,345
227,0.456529,6.70252,0.115052,363
228,0.452868,6.6625,0.11215,386
229,0.456909,6.61258,0.110614,408
230,0.44982,6.58561,0.10923,426
231,0.447745,6.56887,0.109863,444
232,0.450349,6.55528,0.108693,457
233,0.455388,6.55718,0.109362,475
234,0.450439,6.54736,0.107587,492
235,0.446632,6.54063,0.109312,514
236,0.448275,6.51893,0.107985,527
237,0.440219,6.46953,0.107391,555
238,0.442196,6.42631,0.105586,584
239,0.44954,6.39186,0.105759,613
240,0.448586,6.33323,0.103438,657
241,0.448413,6.30332,0.100904,689
242,0.445025,6.29989,0.0991369,713
243,0.451693,6.2918,0.0990337,743
244,0.448133,6.28641,0.0979199,756
245,0.445079,6.27931,0.0978321,783
246,0.455215,6.2445,0.0977387,813
247,0.461031,6.22675,0.0983391,839
248,0.4645,6.18906,0.0986125,879
249,0.464555,6.13381,0.0996166,938
250,0.467366,6.07409,0.0958166,1004
251,0.467585,6.04536,0.0973014,1052
252,0.465068,6.01236,0.0963609,1097
253,0.462805,5.98323,0.0973261,1146
254,0.46902,5.96185,0.0977375,1190
255,0.468678,5.95854,0.0968895,1229
256,0.465859,5.94616,0.094909,1283
257,0.467834,5.92229,0.0944942,1328
258,0.472229,5.88472,0.0928767,1381
259,0.47506,5.81059,0.0927638,1465
260,0.481012,5.73351,0.0929624,1568
261,0.479251,5.69418,0.0919635,1641
262,0.47494,5.65938,0.0917765,1714
263,0.47756,5.65135,0.0918136,1771
264,0.480657,5.62714,0.0922948,1843
265,0.482895,5.59794,0.0924362,1925
266,0.480645,5.56044,0.0939126,2002
267,0.479794,5.51742,0.0931789,2087
268,0.480898,5.47117,0.0921914,2196
269,0.480568,5.42089,0.0914869,2315
270,0.483409,5.37557,0.0918787,2438
271,0.484892,5.32481,0.0915501,2539
272,0.487557,5.27598,0.0915986,2661
273,0.486336,5.2295,0.0912384,2773
274,0.484642,5.1771,0.0889108,2878
275,0.483776,5.10058,0.0886702,3010
276,0.48493,5.00692,0.0890171,3166
277,0.478469,4.9134,0.0897523,3305
278,0.477634,4.80507,0.0903968,3455
279,0.477609,4.68508,0.0898456,3618
280,0.478517,4.54823,0.0890678,3796
281,0.486366,4.4047,0.0888536,4003
282,0.483162,4.22755,0.0892962,4236
283,0.47861,4.0242,0.0883167,4515
284,0.481797,3.81456,0.0875612,4781
285,0.479451,3.5645,0.0875167,5081
286,0.481975,3.32708,0.0889682,5413
287,0.485494,3.07434,0.0890076,5790
288,0.483698,2.80446,0.0893927,6164
289,0.485325,2.56154,0.0890942,6541
