update,mean_coopval,mean_foodval,mean_p53,count
0,0.5,10,0.3,1
1,0.5,10,0.3,1
2,0.5,10,0.3,1
3,0.5,10,0.3,1
4,0.5,10,0.3,1
5,0.5,10,0.3,1
6,0.5,10,0.3,1
7,0.5,10,0.3,1
8,0.5,10,0.3,1
9,0.5,10,0.3,1
10,0.5,10,0.3,1
11,0.5,10,0.3,1
12,0.5,10,0.3,1
13,0.5,10,0.3,1
14,0.5,10,0.3,1
15,0.5,10,0.3,1
16,0.5,10,0.3,1
17,0.5,10,0.3,1
18,0.5,10,0.3,1
19,0.5,10,0.3,1
20,0.784734,9.45628,0.27388,2
21,0.784734,9.45628,0.27388,2
22,0.784734,9.45628,0.27388,2
23,0.784734,9.45628,0.27388,2
24,0.784734,9.45628,0.27388,2
25,0.784734,9.45628,0.27388,2
26,0.784734,9.45628,0.27388,2
27,0.784734,9.45628,0.27388,2
28,0.784734,9.45628,0.27388,2
29,0.784734,9.45628,0.27388,2
30,0.784734,9.45628,0.27388,2
31,0.784734,9.45628,0.27388,2
32,0.784734,9.45628,0.27388,2
33,0.784734,9.45628,0.27388,2
34,0.784734,9.45628,0.27388,2
35,0.784734,9.45628,0.27388,2
36,0.784734,9.45628,0.27388,2
37,0.784734,9.45628,0.27388,2
38,0.741613,8.94309,0.182587,3
39,0.741613,8.94309,0.182587,3
40,0.61242,8.53912,0.12388,2
41,0.61242,8.53912,0.12388,2
42,0.61242,8.53912,0.12388,2
43,0.61242,8.53912,0.12388,2
44,0.61242,8.53912,0.12388,2
45,0.61242,8.53912,0.12388,2
46,0.61242,8.53912,0.12388,2
47,0.61242,8.53912,0.12388,2
48,0.61242,8.53912,0.12388,2
49,0.61242,8.53912,0.12388,2
50,0.61242,8.53912,0.12388,2
51,0.61242,8.53912,0.12388,2
52,0.61242,8.53912,0.12388,2
53,0.61242,8.53912,0.12388,2
54,0.61242,8.53912,0.12388,2
55,0.764642,8.24473,0.0910308,3
56,0.57701,8.25907,0.147781,4
57,0.57701,8.25907,0.147781,4
58,0.57701,8.25907,0.147781,4
59,0.57701,8.25907,0.147781,4
60,0.57701,8.25907,0.147781,4
61,0.57701,8.25907,0.147781,4
62,0.57701,8.25907,0.147781,4
63,0.57701,8.25907,0.147781,4
64,0.57701,8.25907,0.147781,4
65,0.57701,8.25907,0.147781,4
66,0.57701,8.25907,0.147781,4
67,0.57701,8.25907,0.147781,4
68,0.57701,8.25907,0.147781,4
69,0.57701,8.25907,0.147781,4
70,0.57701,8.25907,0.147781,4
71,0.661608,7.97158,0.118225,5
72,0.560442,7.89582,0.0985206,6
73,0.610921,7.78069,0.0546185,5
74,0.509101,7.80684,0.0746538,6
75,0.509101,7.80684,0.0746538,6
76,0.509101,7.80684,0.0746538,6
77,0.509101,7.80684,0.0746538,6
78,0.509101,7.80684,0.0746538,6
79,0.509101,7.80684,0.0746538,6
80,0.509101,7.80684,0.0746538,6
81,0.509101,7.80684,0.0746538,6
82,0.509101,7.80684,0.0746538,6
83,0.509101,7.80684,0.0746538,6
84,0.509101,7.80684,0.0746538,6
85,0.509101,7.80684,0.0746538,6
86,0.542969,7.54172,0.06407,8
87,0.594848,7.48463,0.0569511,9
88,0.594848,7.48463,0.0569511,9
89,0.628915,7.44989,0.0594252,10
90,0.628915,7.44989,0.0594252,10
91,0.786143,7.24739,0.0214577,8
92,0.786143,7.24739,0.0214577,8
93,0.786143,7.24739,0.0214577,8
94,0.786143,7.24739,0.0214577,8
95,0.786143,7.24739,0.0214577,8
96,0.786143,7.24739,0.0214577,8
97,0.786143,7.24739,0.0214577,8
98,0.786143,7.24739,0.0214577,8
99,0.809905,7.13646,0.0312417,9
100,0.735255,7.10787,0.045076,10
101,0.750386,7.02684,0.0415385,13
102,0.764633,7.03138,0.0397041,14
103,0.764633,7.03138,0.0397041,14
104,0.713658,7.04697,0.0511726,15
105,0.712813,7.04874,0.0479743,16
106,0.712813,7.04874,0.0479743,16
107,0.712813,7.04874,0.0479743,16
108,0.712813,7.04874,0.0479743,16
109,0.712813,7.04874,0.0479743,16
110,0.712813,7.04874,0.0479743,16
111,0.729707,6.95006,0.0499309,17
112,0.729707,6.95006,0.0499309,17
113,0.724728,6.90098,0.0492447,19
114,0.724728,6.90098,0.0492447,19
115,0.685732,6.85125,0.0616705,23
116,0.608802,6.84668,0.0645189,27
117,0.623975,6.85396,0.0680619,28
118,0.623975,6.85396,0.0680619,28
119,0.659275,6.84413,0.0605,28
120,0.644177,6.86239,0.0566073,30
121,0.644177,6.86239,0.0566073,30
122,0.644177,6.86239,0.0566073,30
123,0.655655,6.79176,0.0606853,31
124,0.666416,6.76925,0.0618667,32
125,0.642378,6.74081,0.0622549,33
126,0.630547,6.73584,0.0604238,34
127,0.616378,6.71263,0.0630973,35
128,0.599198,6.65134,0.0639389,39
129,0.576803,6.6048,0.0680288,47
130,0.579162,6.58733,0.0696192,51
131,0.570585,6.5874,0.0688852,52
132,0.558923,6.59863,0.0675855,53
133,0.563995,6.59318,0.0700493,55
134,0.557181,6.58095,0.0675644,57
135,0.563413,6.58659,0.0675474,60
136,0.563413,6.58659,0.0675474,60
137,0.561332,6.52011,0.0666078,64
138,0.561332,6.52011,0.0666078,64
139,0.568165,6.51269,0.0656065,64
140,0.576784,6.49359,0.0692011,66
141,0.570636,6.43815,0.0675295,72
142,0.569588,6.38828,0.0708663,79
143,0.553514,6.36679,0.0692889,89
144,0.551588,6.33175,0.0758618,97
145,0.555291,6.34159,0.0778909,99
146,0.555869,6.33664,0.0797343,100
147,0.54895,6.34211,0.077412,103
148,0.552833,6.28219,0.0764894,109
149,0.544847,6.29264,0.0757047,114
150,0.539987,6.28439,0.0772078,118
151,0.545482,6.2443,0.078637,122
152,0.543983,6.22742,0.0773686,124
153,0.553334,6.13201,0.0777875,136
154,0.558126,6.09535,0.0793914,148
155,0.558437,6.05984,0.0839239,158
156,0.547142,6.06138,0.0806587,170
157,0.540382,6.05274,0.0816635,180
158,0.532051,6.02273,0.0861977,194
159,0.534772,6.02671,0.0879706,199
160,0.538536,6.01827,0.0878248,204
161,0.538735,5.95371,0.0896277,216
162,0.525482,5.92617,0.0898476,232
163,0.533974,5.88303,0.0882634,246
164,0.533357,5.88426,0.0871589,253
165,0.531121,5.85538,0.0862597,264
166,0.523659,5.81152,0.0847049,281
167,0.527129,5.76395,0.0842465,297
168,0.524608,5.73323,0.0849556,314
169,0.519254,5.71126,0.0840742,324
170,0.518417,5.69359,0.0861325,341
171,0.514168,5.69005,0.0898874,361
172,0.515383,5.6281,0.0916836,385
173,0.502291,5.60864,0.0924555,404
174,0.508404,5.58766,0.0913331,430
175,0.506685,5.56407,0.0892484,445
176,0.511694,5.51998,0.0912623,464
177,0.520746,5.47911,0.0906402,498
178,0.524723,5.43023,0.0905308,540
179,0.524348,5.43577,0.0899594,560
180,0.526778,5.37569,0.0904017,584
181,0.52734,5.34219,0.0913791,609
182,0.526383,5.29915,0.090624,636
183,0.528451,5.25091,0.0921007,671
184,0.524734,5.21651,0.0926557,711
185,0.525543,5.18775,0.0928683,745
186,0.527081,5.15003,0.0954276,793
187,0.524939,5.10439,0.0946217,827
188,0.523146,5.02967,0.0932689,896
189,0.519391,5.00215,0.0915977,950
190,0.516946,4.94956,0.0902981,1008
191,0.518776,4.91007,0.0897856,1056
192,0.515935,4.87488,0.0904373,1119
193,0.515615,4.82174,0.0896456,1170
194,0.51336,4.75349,0.089758,1238
195,0.517036,4.71178,0.0894781,1307
196,0.516495,4.63715,0.0900286,1387
197,0.517248,4.55709,0.0915917,1497
198,0.515337,4.49305,0.0908912,1597
199,0.510815,4.42626,0.0905961,1695
200,0.509274,4.33527,0.0918965,1834
201,0.508613,4.18212,0.0926794,1983
202,0.509277,4.06594,0.0902965,2123
203,0.503304,3.91878,0.0909673,2275
204,0.510026,3.76303,0.0899974,2465
205,0.504139,3.57488,0.0893021,2679
206,0.503681,3.36403,0.0899941,2926
207,0.503153,3.17749,0.0892144,3201
208,0.504051,2.93614,0.0894008,3545
209,0.496986,2.72822,0.0897791,3936
210,0.4972,2.50882,0.0898115,4416
211,0.496821,2.29781,0.0899874,4843
212,0.498514,2.10819,0.0886654,5307
213,0.49698,1.93907,0.0904946,5773
214,0.49628,1.77172,0.0896567,6284
215,0.493296,1.63492,0.0892865,6758
216,0.496242,1.52072,0.0884387,7204
217,0.493198,1.42447,0.0889447,7633
218,0.494875,1.34567,0.0877821,7953
219,0.497227,1.28345,0.088865,8192
220,0.498791,1.23239,0.0866932,8343
221,0.499605,1.19088,0.0864063,8490
222,0.503224,1.15291,0.0853935,8620
223,0.500973,1.12851,0.0863935,8728
224,0.498344,1.11096,0.0849402,8775
225,0.496578,1.09258,0.0858836,8840
226,0.497033,1.07915,0.0845586,8913
227,0.495607,1.07148,0.0846413,8920
228,0.504474,1.0651,0.0848712,8969
229,0.506405,1.05712,0.0845957,8976
230,0.504698,1.0501,0.0842582,8989
231,0.507213,1.04532,0.0842292,9015
232,0.500733,1.04509,0.0837615,9007
233,0.501815,1.04269,0.0840047,9051
234,0.504782,1.04019,0.0842221,9038
235,0.501571,1.03693,0.0845387,9040
236,0.50503,1.03517,0.0843525,9010
237,0.503974,1.03578,0.084909,9028
238,0.507114,1.03715,0.0856986,9049
239,0.503006,1.03645,0.0859867,9025
240,0.502015,1.03633,0.0860541,9027
241,0.497917,1.03605,0.0857987,9021
242,0.496387,1.03669,0.0864553,9029
243,0.498542,1.0371,0.0851722,9015
244,0.499083,1.03547,0.0847363,9016
245,0.507242,1.03492,0.0839935,9037
246,0.507388,1.03461,0.0835289,9042
247,0.506402,1.03554,0.0826345,9043
248,0.505271,1.03495,0.0846395,9051
249,0.504123,1.03452,0.0846516,9043
250,0.503457,1.03393,0.0836957,9054
251,0.498345,1.03454,0.0848795,9062
252,0.498101,1.03467,0.085208,9057
253,0.493013,1.03511,0.0848728,9038
254,0.494341,1.03541,0.0848141,9044
255,0.491117,1.03584,0.0853717,9051
256,0.490005,1.03638,0.0856348,9030
257,0.490808,1.03699,0.0877133,9046
258,0.494674,1.03727,0.0876607,9039
259,0.487474,1.03558,0.0855338,9002
260,0.485925,1.03427,0.0850575,9028
261,0.485728,1.03505,0.0856484,8995
262,0.488851,1.03482,0.0843735,8991
263,0.493261,1.03527,0.0862446,9007
264,0.489124,1.03406,0.0864169,9034
265,0.493316,1.03521,0.0879653,9006
266,0.490639,1.03664,0.0873548,9028
267,0.48658,1.03564,0.0887284,9043
268,0.492712,1.03605,0.0891179,9040
269,0.494106,1.03686,0.0899698,9048
270,0.49169,1.03693,0.0886051,9003
271,0.489201,1.03709,0.0874014,8976
272,0.493216,1.03677,0.08715,8976
273,0.493755,1.03704,0.0876017,8983
274,0.492764,1.03581,0.0869469,8999
275,0.491302,1.03595,0.0866016,9029
276,0.492309,1.03644,0.0889526,9047
277,0.49182,1.03526,0.0894241,9056
278,0.494716,1.03549,0.0897249,9041
279,0.498151,1.03579,0.0889337,9032
280,0.502659,1.03668,0.0873599,9002
281,0.498617,1.03647,0.0880783,9006
282,0.500321,1.03637,0.0883538,9037
283,0.502666,1.03458,0.0871658,9014
284,0.505377,1.03456,0.0872011,9041
285,0.501555,1.03445,0.086913,9035
286,0.498903,1.03507,0.0879656,9013
287,0.49784,1.03551,0.0875747,9033
288,0.499362,1.0351,0.0876332,9046
289,0.500709,1.03492,0.0871771,9007
290,0.498206,1.03465,0.0880039,8980
291,0.495338,1.03504,0.0868263,8994
292,0.493999,1.03446,0.0873644,9002
293,0.491732,1.03601,0.086352,9001
294,0.493463,1.03542,0.0875049,9011
295,0.491937,1.03546,0.0875923,8996
296,0.492683,1.03584,0.0868482,8999
297,0.488416,1.03642,0.0865628,8993
298,0.490709,1.03639,0.0861329,8948
299,0.495689,1.03745,0.0865443,8951
300,0.497155,1.03716,0.0864421,8936
301,0.501068,1.03708,0.0875985,8987
302,0.503197,1.03612,0.0876218,8964
303,0.505804,1.0365,0.0879356,8980
304,0.50529,1.03653,0.0883253,8988
305,0.503069,1.03726,0.0890772,8972
306,0.510388,1.03798,0.0889221,9016
307,0.50123,1.03809,0.0889788,9028
308,0.507512,1.03642,0.086584,9015
309,0.506,1.03776,0.0889665,8987
310,0.504191,1.03672,0.0889226,9004
311,0.506706,1.03862,0.0879798,9007
312,0.507389,1.03828,0.0873332,8987
313,0.503762,1.03714,0.0861868,8954
314,0.509739,1.03552,0.0858748,9009
315,0.504191,1.03617,0.0863571,9011
316,0.505966,1.03576,0.0864392,9047
317,0.507213,1.03494,0.0869693,9022
318,0.505558,1.03452,0.0865927,9028
319,0.504939,1.03502,0.0862219,9009
320,0.502286,1.0352,0.0857418,9010
321,0.495051,1.03434,0.0856906,8981
322,0.494499,1.03345,0.0858862,8983
323,0.492483,1.03439,0.0858481,9022
324,0.490481,1.03479,0.0867453,9057
325,0.490997,1.03566,0.0855927,9064
326,0.491696,1.03457,0.0841535,9024
327,0.49188,1.03394,0.0834837,9045
328,0.487159,1.03398,0.0853374,9066
329,0.488185,1.03577,0.0845816,9040
330,0.484682,1.03578,0.0849667,9063
331,0.482755,1.03517,0.0843462,9074
332,0.485675,1.03551,0.0850854,9078
333,0.487633,1.03597,0.0860437,9084
334,0.49149,1.03579,0.0851867,9058
335,0.494547,1.03462,0.0865901,9042
336,0.491398,1.03574,0.0874535,9032
337,0.492393,1.03487,0.0864523,9038
338,0.496053,1.03393,0.0872776,9067
339,0.491738,1.03456,0.0869864,9085
340,0.492342,1.03557,0.0855428,9071
341,0.494534,1.03582,0.0849589,9088
342,0.494135,1.03573,0.0837202,9041
343,0.490971,1.03544,0.0848265,8991
344,0.489297,1.03635,0.0848717,9048
345,0.492724,1.03553,0.0831455,9012
346,0.496196,1.03547,0.0829844,9025
347,0.497578,1.03665,0.0839536,9041
348,0.49602,1.03631,0.0837816,9059
349,0.496602,1.03555,0.0846248,9072
350,0.501401,1.03502,0.0860064,9086
351,0.497255,1.03371,0.0872828,9068
352,0.49788,1.03569,0.087256,9059
353,0.501553,1.03565,0.0888048,9025
354,0.500098,1.0367,0.0893433,9017
355,0.500184,1.0362,0.0886267,9001
356,0.501923,1.03634,0.0880552,8948
357,0.500693,1.03619,0.0880122,8974
358,0.498827,1.03831,0.0880733,8993
359,0.50157,1.0378,0.0879552,9022
360,0.501709,1.03617,0.0872908,9031
361,0.500699,1.03598,0.0876533,9038
362,0.497099,1.03499,0.0862042,9028
363,0.496735,1.03436,0.0843258,9030
364,0.503923,1.03421,0.0848417,9053
365,0.503045,1.03553,0.0848777,9052
366,0.50523,1.0365,0.0838743,9055
367,0.500615,1.03569,0.0848447,9052
368,0.503196,1.03592,0.0862237,9083
369,0.505947,1.034,0.086264,9051
370,0.501742,1.03449,0.087128,9028
371,0.498931,1.03495,0.0871559,9052
372,0.50186,1.03676,0.0878946,9061
373,0.50046,1.03705,0.0879045,8991
374,0.501161,1.03583,0.0876132,9011
375,0.490261,1.03481,0.0889518,9026
376,0.488603,1.03418,0.0884353,8992
377,0.486564,1.03605,0.0882563,9006
378,0.48761,1.03586,0.086971,9008
379,0.491096,1.03581,0.0886369,9020
380,0.494924,1.03571,0.0874864,9043
381,0.495423,1.03531,0.0876526,9029
382,0.498849,1.03597,0.0878643,9062
383,0.494729,1.03517,0.0871457,9015
384,0.489642,1.03478,0.08839,8992
385,0.491663,1.03377,0.0889195,8954
386,0.493312,1.03383,0.0896327,8974
387,0.490066,1.03462,0.0893919,9010
388,0.493806,1.03532,0.0889329,9026
389,0.496901,1.03641,0.087748,9020
390,0.494006,1.03647,0.0884764,9032
391,0.497139,1.03625,0.0877915,9062
392,0.496246,1.03727,0.087372,9037
393,0.498896,1.03669,0.0858733,8992
394,0.499913,1.03682,0.0869687,8983
395,0.501659,1.03662,0.0859646,9007
396,0.502216,1.03606,0.0869886,9009
397,0.501214,1.03565,0.0864615,9002
398,0.505837,1.03514,0.085054,9019
399,0.502354,1.03567,0.085592,9051
400,0.499369,1.03597,0.0863512,9073
401,0.503656,1.03572,0.0871048,9064
402,0.50574,1.03644,0.0873294,9063
403,0.505697,1.03584,0.0870582,9078
404,0.502598,1.03526,0.0864103,9027
405,0.499727,1.03623,0.0850155,9019
406,0.502167,1.03707,0.0862927,9012
407,0.501298,1.03633,0.0868329,8967
408,0.498492,1.03626,0.0853528,9003
409,0.501726,1.03599,0.086086,9037
410,0.498122,1.03629,0.0846759,9022
411,0.501614,1.03592,0.0850894,8994
412,0.502129,1.03633,0.0849523,9025
413,0.506418,1.03592,0.0853637,9029
414,0.502808,1.03657,0.0861799,9039
415,0.497837,1.03705,0.0845545,9026
416,0.500339,1.03708,0.0829626,9010
417,0.495861,1.03683,0.0821645,9004
418,0.498645,1.03706,0.0834284,9036
419,0.497046,1.03602,0.0833679,9021
420,0.500962,1.03499,0.0829946,9017
421,0.49921,1.03418,0.0842144,9068
422,0.493911,1.03424,0.0846095,9077
423,0.496131,1.03384,0.0871563,9099
424,0.496492,1.03514,0.086654,9080
425,0.500214,1.03606,0.0858807,9038
426,0.505686,1.03521,0.0854159,9044
427,0.50425,1.03469,0.0840638,9032
428,0.503793,1.0338,0.0847139,8996
429,0.502512,1.03426,0.0841316,8939
430,0.501232,1.03365,0.0850938,8968
431,0.500364,1.03453,0.0851198,8987
432,0.50243,1.03418,0.0854641,9021
433,0.49934,1.03425,0.0845981,9028
434,0.500219,1.03526,0.0865985,9068
435,0.501181,1.03618,0.0880808,9099
436,0.500386,1.03536,0.0882675,9065
437,0.500148,1.03444,0.0881553,9069
438,0.504107,1.03564,0.0869757,9078
439,0.507226,1.03722,0.0863183,9070
440,0.502044,1.03555,0.0849898,9028
441,0.504279,1.03581,0.0849874,9058
442,0.500735,1.03555,0.0869593,9058
443,0.49774,1.03469,0.0874526,9067
444,0.496484,1.03492,0.0878458,9016
445,0.49821,1.03558,0.0881385,8998
446,0.498486,1.0375,0.0859188,8971
447,0.500953,1.03798,0.0860528,8959
448,0.504926,1.03756,0.0857278,9015
449,0.504913,1.03607,0.0883133,9027
450,0.506133,1.03499,0.0885216,9047
451,0.503533,1.03504,0.0874372,9050
452,0.505772,1.03509,0.0871526,9055
453,0.503828,1.03549,0.0861043,9034
454,0.508639,1.03468,0.0868513,9033
455,0.504167,1.03533,0.0871382,9078
456,0.505671,1.0354,0.0890343,9040
457,0.508083,1.03568,0.0898871,9075
458,0.502556,1.03577,0.0901689,9079
459,0.496851,1.03544,0.0905315,9084
460,0.495374,1.03664,0.0903899,9065
461,0.493735,1.03672,0.090253,9054
462,0.498691,1.03589,0.0911356,9061
463,0.500126,1.03496,0.0911841,9038
464,0.500261,1.03493,0.0906009,9019
465,0.501267,1.03484,0.0909825,9014
466,0.49929,1.03619,0.0902062,8996
467,0.499319,1.03647,0.087378,8975
468,0.498574,1.03676,0.085831,8984
469,0.499589,1.03576,0.0849272,8995
470,0.506644,1.03671,0.0835407,9020
471,0.506611,1.03663,0.0822839,9002
472,0.504877,1.0356,0.0836312,8988
473,0.507229,1.03657,0.0850609,9002
474,0.501654,1.03637,0.0846641,9039
475,0.495526,1.03712,0.0843067,9056
476,0.504631,1.03671,0.084472,9063
477,0.504105,1.0373,0.0845582,9052
478,0.501198,1.03686,0.0829666,9014
479,0.495819,1.03646,0.0837088,9022
480,0.495459,1.03638,0.0844961,9020
481,0.492553,1.03635,0.0841292,9021
482,0.489865,1.03567,0.0846099,9051
483,0.492776,1.03542,0.0849378,9023
484,0.491962,1.03632,0.0837907,9031
485,0.493377,1.03462,0.0839632,8997
486,0.491541,1.03548,0.0839992,9021
487,0.494583,1.03454,0.0831102,9036
488,0.494271,1.0351,0.0835413,9051
489,0.493067,1.03622,0.0828925,9070
490,0.49394,1.03699,0.0828663,9092
491,0.493579,1.03627,0.0851319,9089
492,0.491407,1.03545,0.0836761,9082
493,0.49274,1.0356,0.0839495,9072
494,0.49309,1.03466,0.0846383,9077
495,0.490066,1.03626,0.0864268,9084
496,0.498026,1.03542,0.0865122,9106
497,0.4944,1.036,0.0870708,9082
498,0.493888,1.0357,0.087012,9065
499,0.492164,1.03595,0.0866574,9075
500,0.49522,1.03636,0.0875348,9042
501,0.497218,1.03555,0.0867335,9029
502,0.490642,1.03625,0.0860102,9040
503,0.490836,1.03655,0.0866706,9087
504,0.492389,1.0365,0.0881031,9088
505,0.490528,1.03584,0.0855941,9054
506,0.489921,1.03514,0.0869678,9063
507,0.490611,1.0353,0.0873312,9077
508,0.492294,1.03456,0.088584,9057
509,0.492314,1.03498,0.0873899,9055
510,0.496761,1.03531,0.0864278,9060
511,0.497207,1.03494,0.0867149,9034
512,0.495267,1.0356,0.0876158,9018
513,0.498421,1.03724,0.0873811,9013
514,0.499536,1.03611,0.0878506,9058
515,0.503172,1.03629,0.0883115,9060
516,0.505623,1.03617,0.0879813,9046
517,0.50572,1.03601,0.0884113,9018
518,0.507083,1.03533,0.0880555,9045
519,0.508212,1.03602,0.0878312,9021
520,0.504076,1.03648,0.0882438,8996
521,0.508197,1.03648,0.0876808,8991
522,0.503947,1.03554,0.0879168,8980
523,0.506576,1.03609,0.0893222,8993
524,0.501822,1.036,0.0896559,9012
525,0.502227,1.03455,0.0892244,9016
526,0.500207,1.03488,0.0873394,9011
527,0.500917,1.03549,0.0885153,9006
528,0.49936,1.03587,0.0873934,9005
529,0.50177,1.03477,0.0869372,9031
530,0.499695,1.03435,0.0850311,9021
531,0.502495,1.03541,0.0851013,9008
532,0.504836,1.03505,0.0850182,9033
533,0.504068,1.03469,0.0838578,9012
534,0.504281,1.03468,0.083747,9025
535,0.502791,1.03532,0.0848649,9032
536,0.500323,1.035,0.0840575,9067
537,0.501267,1.03507,0.0836569,9080
538,0.501773,1.03473,0.0825631,9067
539,0.502333,1.03419,0.0827277,9099
540,0.507022,1.03514,0.0819964,9079
541,0.499261,1.03688,0.0808223,9063
542,0.49739,1.03636,0.0811928,9083
543,0.502805,1.03671,0.0813999,9106
544,0.501459,1.03586,0.0807886,9116
545,0.508119,1.03627,0.0807577,9115
546,0.507814,1.03566,0.0817934,9113
547,0.506405,1.03676,0.0818848,9105
548,0.506516,1.03669,0.0819192,9114
549,0.506766,1.03635,0.0829723,9120
550,0.502972,1.03706,0.0841311,9095
551,0.500959,1.0347,0.0841769,9085
552,0.501324,1.03588,0.0829834,9072
553,0.502847,1.03504,0.0852326,9042
554,0.500934,1.03578,0.0863432,9060
555,0.500406,1.03642,0.0850754,9029
556,0.495853,1.03547,0.0838298,8986
557,0.496422,1.0356,0.0852051,9068
558,0.49567,1.03558,0.0851674,9088
559,0.494206,1.03562,0.0856515,9045
560,0.494922,1.03725,0.0862236,9032
561,0.498415,1.03615,0.0846251,9043
562,0.500656,1.03675,0.0839969,9014
563,0.502886,1.03555,0.0850028,9019
564,0.497861,1.03588,0.0862004,8985
565,0.494675,1.03559,0.0870242,9002
566,0.498438,1.03615,0.0877189,9006
567,0.496964,1.03583,0.0882188,8993
568,0.494675,1.03506,0.0879354,8991
569,0.497018,1.03599,0.0883811,9012
570,0.499988,1.03573,0.0882304,8997
571,0.501415,1.03649,0.0880339,9024
572,0.495975,1.03547,0.0873162,9030
573,0.500941,1.03563,0.0855115,9011
574,0.505056,1.03551,0.087213,9088
575,0.505664,1.0357,0.086992,9049
576,0.507156,1.03383,0.0879887,9042
577,0.507818,1.03558,0.0876911,9041
578,0.505707,1.03585,0.0862493,9075
579,0.50953,1.03533,0.0871302,9093
580,0.508595,1.03565,0.0859429,9070
581,0.508925,1.03618,0.0844545,9069
582,0.499551,1.03758,0.0839523,9043
583,0.499416,1.03694,0.0840495,9015
584,0.498986,1.03598,0.0833106,9010
585,0.498506,1.03512,0.0843424,8995
586,0.500612,1.03708,0.0842859,9027
587,0.50107,1.03617,0.0855688,9037
588,0.501616,1.03546,0.0857593,9069
589,0.504356,1.03554,0.0882465,9051
590,0.501618,1.03422,0.0886719,9062
591,0.509217,1.03513,0.0884444,9070
592,0.509986,1.03339,0.0884963,9058
593,0.508751,1.03284,0.0878871,9048
594,0.507149,1.03274,0.0865871,9008
595,0.502321,1.03431,0.0856912,9015
596,0.49985,1.03523,0.0872287,9041
597,0.502231,1.03415,0.0874973,9017
598,0.502922,1.03457,0.0853978,8995
599,0.504635,1.0355,0.0855463,9002
600,0.501019,1.03539,0.0874201,8993
601,0.500173,1.03589,0.0872123,8966
602,0.500751,1.03569,0.0878807,8986
603,0.505013,1.03592,0.0865661,9004
604,0.509593,1.03583,0.0862922,8990
605,0.502563,1.03617,0.0857455,8967
606,0.503524,1.03617,0.0875607,9003
607,0.500719,1.03576,0.0877148,9006
608,0.504409,1.03615,0.0890723,9015
609,0.499915,1.03714,0.0880252,8990
610,0.495726,1.03541,0.0889799,8953
611,0.500674,1.03593,0.0885618,8988
612,0.502269,1.03411,0.0875949,8969
613,0.501847,1.03493,0.0882235,8959
614,0.498925,1.03601,0.0890669,8998
615,0.494535,1.03453,0.0885618,8991
616,0.499351,1.03499,0.0869447,9002
617,0.497681,1.03468,0.087096,9033
618,0.501626,1.03596,0.0885458,9049
619,0.4975,1.03611,0.0877228,9047
620,0.491827,1.0348,0.0885276,9053
621,0.496038,1.03661,0.0872212,9015
622,0.501017,1.03584,0.0881482,9067
623,0.498156,1.0368,0.0874334,9031
624,0.496755,1.03756,0.0868842,9045
625,0.496915,1.03651,0.0868937,9074
626,0.497822,1.03669,0.0870942,9038
627,0.500695,1.03499,0.0871535,9022
628,0.505029,1.03635,0.0870003,9028
629,0.507556,1.03653,0.0884039,9022
630,0.508939,1.03697,0.0878582,9027
631,0.503314,1.03727,0.0888354,9025
632,0.502243,1.03732,0.0881708,8999
633,0.499932,1.03692,0.0856873,9002
634,0.506032,1.03549,0.0861945,8990
635,0.505163,1.03509,0.0853757,8974
636,0.502105,1.03664,0.0850835,8960
637,0.502732,1.03561,0.0858626,8988
638,0.498289,1.03613,0.0853835,8988
639,0.495616,1.03697,0.08696,9018
640,0.495695,1.03687,0.0862579,9045
641,0.499604,1.03615,0.0871252,9041
642,0.504248,1.03552,0.0873248,9024
643,0.50489,1.03568,0.0873224,9033
644,0.497827,1.03628,0.0881918,9050
645,0.500931,1.03708,0.0894335,9023
646,0.499129,1.03707,0.0892997,8991
647,0.501085,1.03567,0.0899636,8998
648,0.500503,1.03495,0.0896143,8937
649,0.497615,1.03559,0.0903383,8976
650,0.502543,1.0367,0.0882011,8941
651,0.496628,1.03759,0.0866167,8936
652,0.492752,1.03695,0.0876678,8965
653,0.500735,1.03677,0.0874221,8996
654,0.498378,1.03719,0.0872946,8989
655,0.499684,1.03771,0.0853047,8961
656,0.494493,1.03765,0.0864709,8975
657,0.494959,1.03716,0.0872431,8955
658,0.501602,1.03768,0.0880646,8972
659,0.503881,1.03711,0.0873691,8975
660,0.497013,1.03758,0.086615,9007
661,0.497101,1.03775,0.087933,9057
662,0.498559,1.03644,0.087754,9041
663,0.493911,1.03566,0.0888653,9049
664,0.492334,1.03666,0.087571,8991
665,0.491233,1.03655,0.088638,8980
666,0.490898,1.03589,0.0887232,8996
667,0.495036,1.03596,0.0885941,9002
668,0.490257,1.03629,0.0891345,9005
669,0.489387,1.03661,0.0903607,9010
670,0.491897,1.03576,0.0901166,8973
671,0.488918,1.03563,0.0889014,8969
672,0.487881,1.03669,0.0889853,8975
673,0.490705,1.03677,0.0888603,8991
674,0.490613,1.03708,0.0889947,8984
675,0.495745,1.03682,0.0875428,8989
676,0.497511,1.03709,0.0885308,8990
677,0.497229,1.03734,0.0876058,8971
678,0.500485,1.03605,0.0879037,8967
679,0.498764,1.036,0.0882221,9001
680,0.499988,1.03601,0.0881701,9011
681,0.499083,1.03483,0.0883879,8981
682,0.49827,1.03623,0.08912,8983
683,0.499429,1.03543,0.088983,8943
684,0.500944,1.03479,0.0873068,8937
685,0.501067,1.03583,0.0876419,8907
686,0.499027,1.03544,0.0888079,8933
687,0.496848,1.03448,0.0870098,8943
688,0.498774,1.0354,0.086684,8926
689,0.501829,1.03463,0.0877942,8943
690,0.501061,1.03366,0.0877128,8985
691,0.503143,1.03381,0.0869997,8996
692,0.499846,1.03459,0.0860581,8955
693,0.503325,1.03464,0.0844903,8950
694,0.497366,1.03482,0.085823,8997
695,0.499861,1.036,0.0856317,8986
696,0.500209,1.03562,0.0853713,8989
697,0.497946,1.03569,0.0857763,9038
698,0.495562,1.03563,0.0859092,9048
699,0.497631,1.03561,0.0870476,9044
700,0.49654,1.03659,0.087415,9056
701,0.502856,1.03614,0.0860134,9027
702,0.501471,1.03655,0.0869189,9054
703,0.49793,1.03591,0.0868026,9056
704,0.492754,1.03648,0.0872749,9059
705,0.490843,1.03655,0.0869281,9066
706,0.490434,1.03643,0.086937,9050
707,0.488701,1.0365,0.0867848,9042
708,0.485201,1.03762,0.0866849,9062
709,0.486866,1.03675,0.0865305,9071
710,0.487636,1.03637,0.0880627,9022
711,0.495029,1.03618,0.0871393,9025
712,0.498487,1.03613,0.0874999,9009
713,0.499049,1.03653,0.0873083,9019
714,0.496176,1.03532,0.0876021,9027
715,0.497373,1.03543,0.0861318,9061
716,0.495609,1.03505,0.0864286,9047
717,0.493545,1.03621,0.0858754,9031
718,0.497953,1.0371,0.0860309,9007
719,0.495235,1.03598,0.0855143,8998
720,0.498837,1.03682,0.0862627,9017
721,0.498863,1.03674,0.0855436,9001
722,0.503937,1.03542,0.084351,9012
723,0.50546,1.03656,0.0831816,8967
724,0.501467,1.03598,0.0840603,9005
725,0.502444,1.03606,0.0842384,8996
726,0.503998,1.03597,0.0838986,9019
727,0.496151,1.03459,0.0833715,9031
728,0.498435,1.03492,0.0841645,9044
729,0.494123,1.03544,0.0845479,9005
730,0.491704,1.03542,0.0855563,8996
731,0.497512,1.03399,0.0866772,8987
732,0.503919,1.03541,0.0870967,9009
733,0.504985,1.03554,0.0851303,9007
734,0.503225,1.03429,0.0852699,9007
735,0.505211,1.03407,0.0868219,9017
736,0.506656,1.03429,0.0873963,9016
737,0.504717,1.03495,0.0875581,9055
738,0.506407,1.0348,0.0869974,9028
739,0.505507,1.03584,0.0856941,9038
740,0.49757,1.03563,0.0872702,9051
741,0.502321,1.03528,0.0872179,9037
742,0.503269,1.03509,0.0866222,9039
743,0.502828,1.03435,0.0875391,9045
744,0.501578,1.03388,0.0875287,9022
745,0.501273,1.035,0.0891537,9029
746,0.505906,1.0351,0.0883935,9008
747,0.501645,1.03427,0.0883411,9000
748,0.501198,1.03597,0.0881079,8991
749,0.497025,1.0356,0.0878171,8973
750,0.499106,1.03589,0.0849827,8953
751,0.495746,1.03628,0.0864818,9000
752,0.494408,1.03762,0.0855762,9031
753,0.498142,1.03751,0.0857288,9039
754,0.499091,1.03583,0.0859163,9042
755,0.502472,1.03625,0.0850858,9051
756,0.502448,1.03634,0.0860638,9070
757,0.4995,1.03618,0.0871662,9055
758,0.501935,1.03637,0.0874874,9031
759,0.502285,1.03532,0.08953,9025
760,0.501649,1.03658,0.0885826,9016
761,0.498257,1.03529,0.0881782,8984
762,0.497586,1.03416,0.0874569,8985
763,0.501387,1.03513,0.0881485,8981
764,0.500819,1.03583,0.088252,8988
765,0.497481,1.03603,0.0886645,8972
766,0.496161,1.03629,0.0887969,8955
767,0.501864,1.03716,0.0872338,8958
768,0.49999,1.03639,0.0866994,8977
769,0.501826,1.03628,0.0887398,9014
770,0.500763,1.03645,0.0870797,8949
771,0.502628,1.03808,0.087987,8964
772,0.498714,1.03705,0.0886768,8994
773,0.498824,1.03689,0.0901355,8970
774,0.496987,1.03749,0.0892818,8981
775,0.494936,1.03687,0.0875725,8973
776,0.495879,1.03687,0.0869383,8958
777,0.496003,1.0357,0.0869465,8995
778,0.497639,1.03477,0.0878341,8978
779,0.502617,1.03642,0.0886409,9011
780,0.499031,1.03698,0.0887069,9015
781,0.498431,1.03658,0.0873945,8998
782,0.501152,1.03613,0.086895,8990
783,0.504655,1.03483,0.0873044,8984
784,0.504787,1.03362,0.0885996,9017
785,0.509219,1.03412,0.0879994,9024
786,0.506667,1.0333,0.0885998,9026
787,0.510455,1.0342,0.0875068,8988
788,0.510463,1.03451,0.0870251,9036
789,0.509754,1.0349,0.087738,9017
790,0.505914,1.03448,0.0874118,9015
791,0.504361,1.0353,0.0879831,9023
792,0.504463,1.035,0.0877842,9021
793,0.502277,1.03465,0.0884028,8985
794,0.503166,1.03534,0.0885699,8988
795,0.498684,1.03628,0.0856238,8994
796,0.501257,1.03681,0.0853435,8994
797,0.502013,1.03473,0.0856063,9007
798,0.49918,1.03594,0.0848505,8995
799,0.496642,1.03385,0.0840292,9021
800,0.49704,1.03453,0.0852692,9047
801,0.497527,1.03429,0.084758,9044
802,0.492432,1.03468,0.0851905,9026
803,0.489482,1.03528,0.0844333,9033
804,0.492175,1.03686,0.0850463,9025
805,0.491658,1.03534,0.0848921,9064
806,0.488962,1.03459,0.08614,9057
807,0.496656,1.03538,0.087731,9053
808,0.49424,1.03416,0.086119,9015
809,0.49005,1.03443,0.0867014,9002
810,0.486136,1.03426,0.0866511,8985
811,0.487033,1.03614,0.0881044,9016
812,0.489978,1.03792,0.0857676,9014
813,0.492477,1.03788,0.0862738,9042
814,0.495487,1.03651,0.086958,9049
815,0.498779,1.03453,0.0881494,9018
816,0.498281,1.03504,0.0883901,9014
817,0.503532,1.03467,0.0881781,9018
818,0.499638,1.03566,0.0875683,9018
819,0.499027,1.03591,0.0879254,9043
820,0.499728,1.03578,0.0885206,9000
821,0.499222,1.03663,0.0872536,8963
822,0.500986,1.03603,0.0862558,8974
823,0.495453,1.03645,0.085778,8941
824,0.498127,1.03654,0.0857195,8941
825,0.497294,1.03701,0.0858694,8970
826,0.494574,1.03546,0.085938,9020
827,0.4971,1.03454,0.0870101,8998
828,0.494744,1.03593,0.0880809,9010
829,0.495885,1.03506,0.0887517,9000
830,0.495684,1.0362,0.0876611,9040
831,0.498891,1.03663,0.08853,9047
832,0.496556,1.0358,0.0877901,9071
833,0.494891,1.03627,0.0884014,9046
834,0.495165,1.03602,0.0891017,9014
835,0.492351,1.03608,0.086808,9006
836,0.492111,1.03671,0.0860533,9004
837,0.49779,1.03662,0.085737,9025
838,0.497174,1.03618,0.0855696,9028
839,0.492672,1.03657,0.0844179,9034
840,0.492633,1.03591,0.084388,8985
841,0.49118,1.03594,0.0849432,8994
842,0.492198,1.03477,0.0850996,9013
843,0.494607,1.03563,0.084985,9039
844,0.495846,1.03462,0.0856853,9014
845,0.49715,1.03438,0.0849433,8988
846,0.499646,1.03446,0.0842286,8995
847,0.50012,1.03433,0.0832482,9018
848,0.504928,1.03638,0.0831829,9060
849,0.503347,1.0362,0.0826749,9045
850,0.497618,1.03576,0.0814772,9058
851,0.504315,1.03598,0.0827681,9057
852,0.500234,1.03674,0.083459,9075
853,0.50306,1.03715,0.0831256,9072
854,0.497407,1.03681,0.0842595,9070
855,0.500577,1.03695,0.0844952,9061
856,0.49839,1.03571,0.0846376,9057
857,0.49486,1.03448,0.0843997,9090
858,0.493134,1.03635,0.0841441,9087
859,0.488485,1.03655,0.0851228,9091
860,0.49057,1.03566,0.0854598,9117
861,0.492011,1.03629,0.0852601,9070
862,0.495175,1.03657,0.0863849,9120
863,0.499588,1.03566,0.0864834,9069
864,0.499819,1.035,0.0867866,9053
865,0.500082,1.03524,0.0868317,9029
866,0.500177,1.03555,0.0870677,9059
867,0.498416,1.03663,0.0873393,9065
868,0.499786,1.03643,0.0867206,9059
869,0.497729,1.03587,0.0869328,9025
870,0.503362,1.03477,0.0856087,9045
871,0.502429,1.03661,0.086033,9026
872,0.499173,1.0378,0.0861783,9040
873,0.496055,1.03766,0.0849818,9005
874,0.496189,1.03769,0.0853541,9025
875,0.49021,1.03642,0.0867307,9019
876,0.492263,1.03648,0.0870905,9029
877,0.49941,1.03556,0.0873805,9049
878,0.499158,1.03621,0.0876696,9017
879,0.496396,1.03549,0.0852525,8980
880,0.49482,1.03457,0.0855058,8978
881,0.50093,1.03499,0.087247,8997
882,0.506201,1.03545,0.088365,9010
883,0.503864,1.03522,0.0874719,8967
884,0.502732,1.03569,0.0870378,8964
885,0.503867,1.03541,0.0864492,8991
886,0.507079,1.03599,0.0878742,9009
887,0.504299,1.03552,0.0882369,9045
888,0.498513,1.03647,0.0870997,9038
889,0.502307,1.03638,0.0881606,9020
890,0.503061,1.03574,0.0873139,9005
891,0.505387,1.03592,0.0887765,9009
892,0.506364,1.03432,0.0885677,9026
893,0.505285,1.03513,0.0885178,8996
894,0.498732,1.03537,0.087279,9004
895,0.493124,1.03641,0.0877326,8991
896,0.494252,1.03706,0.0876917,9012
897,0.495461,1.03759,0.0889504,9039
898,0.497455,1.03617,0.0878486,9062
899,0.500171,1.03681,0.0894296,9068
900,0.496635,1.03741,0.0887989,9070
901,0.502938,1.03672,0.0884565,9056
902,0.503417,1.0368,0.0861399,9035
903,0.508159,1.03594,0.0866786,9060
904,0.506853,1.03619,0.0868639,9030
905,0.507104,1.03633,0.0866167,9029
906,0.50613,1.037,0.0873842,9037
907,0.502628,1.03624,0.0871228,9029
908,0.500673,1.03693,0.0860648,9025
909,0.497896,1.03676,0.0864218,9071
910,0.496309,1.03732,0.0861592,9073
911,0.500786,1.03676,0.0850843,9069
912,0.500331,1.03659,0.0845847,9065
913,0.499925,1.03555,0.0846993,9072
914,0.498116,1.03577,0.0838591,9078
915,0.50082,1.03586,0.0830938,9093
916,0.495562,1.03613,0.0845944,9093
917,0.493824,1.03581,0.0843926,9059
918,0.499529,1.03538,0.0841632,9023
919,0.49906,1.03622,0.0832154,9041
920,0.501118,1.03635,0.0832647,9015
921,0.500825,1.03533,0.083715,9061
922,0.500631,1.0358,0.0836471,9067
923,0.499171,1.03725,0.0824021,9100
924,0.497943,1.03734,0.0804909,9065
925,0.497442,1.03672,0.0801617,9037
926,0.502753,1.03608,0.0811705,9017
927,0.499526,1.03583,0.0823016,9071
928,0.497604,1.03636,0.082633,9037
929,0.498371,1.03539,0.0839752,9036
930,0.494761,1.0357,0.0859323,9091
931,0.499336,1.03498,0.086839,9071
932,0.501155,1.03382,0.0862423,9081
933,0.491397,1.03472,0.0862608,9060
934,0.491847,1.03458,0.0856438,9101
935,0.496283,1.03532,0.0855874,9069
936,0.498532,1.03523,0.0853687,9017
937,0.497287,1.03515,0.0861148,9060
938,0.497752,1.03444,0.0864599,9056
939,0.501502,1.03427,0.0861989,9046
940,0.507766,1.03443,0.0859775,8989
941,0.501488,1.03549,0.0874878,9000
942,0.501192,1.03528,0.0885973,9007
943,0.499595,1.03593,0.0883644,9042
944,0.503493,1.03548,0.0894734,9032
945,0.500976,1.03642,0.0878812,8999
946,0.500115,1.0371,0.0870949,9011
947,0.500214,1.03744,0.0849119,9010
948,0.497247,1.03719,0.08448,8989
949,0.503171,1.03618,0.0842271,9022
950,0.505326,1.03581,0.0847177,9034
951,0.505852,1.03732,0.0860462,9059
952,0.500487,1.03678,0.0852243,9055
953,0.500595,1.03632,0.0848583,9053
954,0.499624,1.03725,0.0843118,9029
955,0.49513,1.03599,0.083359,9029
956,0.502191,1.03568,0.0849823,9054
957,0.499965,1.03608,0.0862062,9037
958,0.494972,1.03661,0.0872655,9067
959,0.493849,1.03683,0.0858992,9021
960,0.495691,1.03729,0.0862397,9024
961,0.495391,1.03663,0.0890286,9004
962,0.498099,1.03648,0.0888304,9017
963,0.495022,1.03594,0.0891295,9048
964,0.49218,1.03484,0.0886902,9022
965,0.494846,1.03369,0.0886775,9039
966,0.49041,1.03478,0.0877198,9032
967,0.494806,1.03538,0.0880537,9045
968,0.496563,1.0349,0.0894905,9030
969,0.502793,1.03594,0.0884809,9001
970,0.504755,1.03698,0.0883581,8974
971,0.502663,1.03667,0.0878745,8987
972,0.502762,1.03542,0.0857181,8995
973,0.501813,1.03478,0.0864916,9001
974,0.501136,1.03454,0.0863776,9043
975,0.50072,1.0349,0.0873614,9022
976,0.505984,1.03434,0.0869799,9008
977,0.504974,1.03368,0.0890955,8988
978,0.502137,1.03502,0.0899873,9002
979,0.505304,1.03687,0.0895079,8963
980,0.503401,1.03663,0.0880949,8974
981,0.504738,1.03692,0.0866113,8962
982,0.50521,1.03801,0.0864792,8992
983,0.507808,1.03784,0.0868925,9010
984,0.503822,1.03671,0.0874221,8982
985,0.503513,1.03666,0.0874769,8996
986,0.500458,1.03663,0.0882166,9009
987,0.498608,1.03573,0.0880051,9017
988,0.501283,1.03541,0.0901353,9043
989,0.500344,1.03588,0.0890247,9017
990,0.497068,1.03458,0.0870478,9030
991,0.493596,1.03437,0.0867115,9018
992,0.494864,1.03548,0.0865454,9003
993,0.494206,1.03498,0.0851937,8986
994,0.497788,1.03561,0.0855194,8981
995,0.494237,1.03576,0.0837726,9004
996,0.497676,1.03562,0.0839127,9001
997,0.498305,1.03475,0.0851199,8979
998,0.499121,1.03561,0.0833088,9018
999,0.498118,1.03591,0.0832807,9021
