update,mean_coopval,mean_foodval,mean_p53,count
0,0.5,10,0.5,1
1,0.5,10,0.5,1
2,0.5,10,0.5,1
3,0.5,10,0.5,1
4,0.5,10,0.5,1
5,0.5,10,0.5,1
6,0.5,10,0.5,1
7,0.5,10,0.5,1
8,0.5,10,0.5,1
9,0.5,10,0.5,1
10,0.5,10,0.5,1
11,0.5,10,0.5,1
12,0.5,10,0.5,1
13,0.5,10,0.5,1
14,0.5,10,0.5,1
15,0.5,10,0.5,1
16,0.5,10,0.5,1
17,0.5,10,0.5,1
18,0.5,10,0.5,1
19,0.5,10,0.5,1
20,0.983746,10,0.489324,2
21,0.983746,10,0.489324,2
22,0.983746,10,0.489324,2
23,0.983746,10,0.489324,2
24,0.983746,10,0.489324,2
25,0.983746,10,0.489324,2
26,0.983746,10,0.489324,2
27,0.983746,10,0.489324,2
28,0.983746,10,0.489324,2
29,0.983746,10,0.489324,2
30,0.983746,10,0.489324,2
31,0.983746,10,0.489324,2
32,0.983746,10,0.489324,2
33,0.983746,10,0.489324,2
34,0.983746,10,0.489324,2
35,0.983746,10,0.489324,2
36,0.983746,10,0.489324,2
37,0.983746,10,0.489324,2
38,0.983746,10,0.489324,2
39,0.983746,10,0.489324,2
40,0.588248,10,0.568677,4
41,0.588248,10,0.568677,4
42,0.588248,10,0.568677,4
43,0.588248,10,0.568677,4
44,0.588248,10,0.568677,4
45,0.588248,10,0.568677,4
46,0.588248,10,0.568677,4
47,0.588248,10,0.568677,4
48,0.588248,10,0.568677,4
49,0.588248,10,0.568677,4
50,0.588248,10,0.568677,4
51,0.588248,10,0.568677,4
52,0.588248,10,0.568677,4
53,0.588248,10,0.568677,4
54,0.588248,10,0.568677,4
55,0.588248,10,0.568677,4
56,0.588248,10,0.568677,4
57,0.588248,10,0.568677,4
58,0.588248,10,0.568677,4
59,0.574341,10,0.625389,6
60,0.40411,10,0.619679,8
61,0.40411,10,0.619679,8
62,0.40411,10,0.619679,8
63,0.40411,10,0.619679,8
64,0.40411,10,0.619679,8
65,0.40411,10,0.619679,8
66,0.40411,10,0.619679,8
67,0.40411,10,0.619679,8
68,0.40411,10,0.619679,8
69,0.40411,10,0.619679,8
70,0.40411,10,0.619679,8
71,0.40411,10,0.619679,8
72,0.40411,10,0.619679,8
73,0.40411,10,0.619679,8
74,0.40411,10,0.619679,8
75,0.40411,10,0.619679,8
76,0.40411,10,0.619679,8
77,0.40411,10,0.619679,8
78,0.40411,10,0.619679,8
79,0.526452,10,0.673636,13
80,0.543303,10,0.674081,16
81,0.543303,10,0.674081,16
82,0.543303,10,0.674081,16
83,0.543303,10,0.674081,16
84,0.543303,10,0.674081,16
85,0.543303,10,0.674081,16
86,0.543303,10,0.674081,16
87,0.543303,10,0.674081,16
88,0.543303,10,0.674081,16
89,0.543303,10,0.674081,16
90,0.543303,10,0.674081,16
91,0.543303,10,0.674081,16
92,0.543303,10,0.674081,16
93,0.543303,10,0.674081,16
94,0.543303,10,0.674081,16
95,0.543303,10,0.674081,16
96,0.543303,10,0.674081,16
97,0.543303,10,0.674081,16
98,0.554811,9.96649,0.700665,20
99,0.549477,9.97518,0.73081,27
100,0.592629,9.97906,0.728447,32
101,0.592629,9.97906,0.728447,32
102,0.592629,9.97906,0.728447,32
103,0.592629,9.97906,0.728447,32
104,0.592629,9.97906,0.728447,32
105,0.592629,9.97906,0.728447,32
106,0.592629,9.97906,0.728447,32
107,0.592629,9.97906,0.728447,32
108,0.592629,9.97906,0.728447,32
109,0.592629,9.97906,0.728447,32
110,0.592629,9.97906,0.728447,32
111,0.592629,9.97906,0.728447,32
112,0.592629,9.97906,0.728447,32
113,0.592629,9.97906,0.728447,32
114,0.592629,9.97906,0.728447,32
115,0.592629,9.97906,0.728447,32
116,0.604974,9.95938,0.734832,33
117,0.600079,9.96171,0.747278,35
118,0.576845,9.96954,0.781538,44
119,0.578115,9.97525,0.788304,57
120,0.57093,9.97916,0.78071,64
121,0.57093,9.97916,0.78071,64
122,0.57093,9.97916,0.78071,64
123,0.57093,9.97916,0.78071,64
124,0.57093,9.97916,0.78071,64
125,0.57093,9.97916,0.78071,64
126,0.57093,9.97916,0.78071,64
127,0.57093,9.97916,0.78071,64
128,0.57093,9.97916,0.78071,64
129,0.57093,9.97916,0.78071,64
130,0.57093,9.97916,0.78071,64
131,0.57093,9.97916,0.78071,64
132,0.57093,9.97916,0.78071,64
133,0.57093,9.97916,0.78071,64
134,0.57093,9.97916,0.78071,64
135,0.578752,9.95948,0.783239,66
136,0.582082,9.96067,0.789542,68
137,0.588843,9.96337,0.796294,73
138,0.565027,9.9714,0.81525,93
139,0.553152,9.98053,0.815593,115
140,0.535254,9.98526,0.804454,125
141,0.533647,9.98332,0.804725,126
142,0.533647,9.98332,0.804725,126
143,0.533647,9.98332,0.804725,126
144,0.533647,9.98332,0.804725,126
145,0.533647,9.98332,0.804725,126
146,0.533647,9.98332,0.804725,126
147,0.533647,9.98332,0.804725,126
148,0.533647,9.98332,0.804725,126
149,0.533647,9.98332,0.804725,126
150,0.533647,9.98332,0.804725,126
151,0.533647,9.98332,0.804725,126
152,0.533647,9.98332,0.804725,126
153,0.533647,9.98332,0.804725,126
154,0.538254,9.96321,0.806679,130
155,0.54143,9.96349,0.807849,131
156,0.544789,9.96487,0.812686,137
157,0.536754,9.96706,0.826243,153
158,0.539325,9.96736,0.84103,193
159,0.540232,9.97181,0.842541,231
160,0.538714,9.9748,0.837683,245
161,0.532595,9.97878,0.835516,249
162,0.5313,9.97917,0.835979,250
163,0.5313,9.97917,0.835979,250
164,0.5313,9.97917,0.835979,250
165,0.5313,9.97917,0.835979,250
166,0.5313,9.97917,0.835979,250
167,0.5313,9.97917,0.835979,250
168,0.5313,9.97917,0.835979,250
169,0.5313,9.97917,0.835979,250
170,0.5313,9.97917,0.835979,250
171,0.5313,9.97917,0.835979,250
172,0.535917,9.97401,0.836454,252
173,0.538823,9.95903,0.837844,258
174,0.536619,9.95919,0.83847,259
175,0.540665,9.95915,0.840195,262
176,0.541352,9.96021,0.845796,284
177,0.537415,9.96163,0.85804,327
178,0.533968,9.96605,0.866758,398
179,0.541305,9.96954,0.860248,452
180,0.542273,9.97642,0.859158,474
181,0.538884,9.97687,0.860029,480
182,0.536379,9.98017,0.859251,485
183,0.535036,9.9852,0.858685,488
184,0.535036,9.9852,0.858685,488
185,0.535036,9.9852,0.858685,488
186,0.535036,9.9852,0.858685,488
187,0.535036,9.9852,0.858685,488
188,0.535036,9.9852,0.858685,488
189,0.535036,9.9852,0.858685,488
190,0.534789,9.98386,0.858776,489
191,0.536803,9.97724,0.859851,494
192,0.539342,9.96566,0.861093,503
193,0.539342,9.96566,0.861093,503
194,0.541125,9.96539,0.862205,506
195,0.5363,9.96742,0.86382,519
196,0.549085,9.97022,0.870582,569
197,0.53608,9.97021,0.880917,661
198,0.530028,9.97557,0.884898,778
199,0.522858,9.97561,0.880633,857
200,0.525453,9.97945,0.877407,887
201,0.524064,9.98429,0.878541,902
202,0.521577,9.98665,0.879049,912
203,0.520463,9.98771,0.878643,916
204,0.520326,9.99089,0.878574,921
205,0.521197,9.9917,0.878542,921
206,0.521197,9.9917,0.878542,921
207,0.520915,9.99342,0.878536,922
208,0.520915,9.99342,0.878536,922
209,0.522241,9.99055,0.878897,926
210,0.520248,9.98176,0.879817,938
211,0.521179,9.97229,0.88064,949
212,0.521179,9.97229,0.88064,949
213,0.522163,9.97235,0.88081,951
214,0.521077,9.9716,0.881783,965
215,0.521197,9.96796,0.885028,1010
216,0.519935,9.96829,0.892224,1115
217,0.521449,9.96947,0.900511,1290
218,0.528588,9.97559,0.902023,1489
219,0.528762,9.97576,0.898905,1604
220,0.528159,9.97793,0.897353,1639
221,0.527792,9.97991,0.897938,1652
222,0.52829,9.98404,0.899182,1673
223,0.526711,9.98859,0.899265,1692
224,0.526138,9.99005,0.898899,1701
225,0.525059,9.99168,0.899159,1705
226,0.525879,9.99483,0.899259,1710
227,0.52663,9.99449,0.899303,1713
228,0.526523,9.99082,0.899634,1720
229,0.526614,9.98079,0.900395,1739
230,0.525579,9.97445,0.900943,1757
231,0.525487,9.97536,0.90098,1758
232,0.525487,9.97536,0.90098,1758
233,0.524708,9.97236,0.90153,1771
234,0.524834,9.97007,0.902551,1805
235,0.530501,9.96844,0.906995,1897
236,0.526841,9.96731,0.912974,2088
237,0.525766,9.96798,0.919768,2346
238,0.52372,9.97123,0.918534,2593
239,0.520658,9.9735,0.915634,2736
240,0.519299,9.97514,0.915104,2778
241,0.519856,9.97864,0.91535,2804
242,0.519778,9.98197,0.915438,2825
243,0.521474,9.98625,0.915803,2854
244,0.522023,9.98832,0.915216,2874
245,0.521686,9.99035,0.915074,2888
246,0.522044,9.98898,0.915207,2899
247,0.521877,9.98414,0.915884,2924
248,0.520907,9.97814,0.91627,2951
249,0.520591,9.97415,0.916408,2968
250,0.52052,9.97388,0.916441,2970
251,0.519964,9.97322,0.916469,2971
252,0.519677,9.97053,0.916838,2986
253,0.520831,9.96614,0.917408,3011
254,0.522802,9.96457,0.918889,3081
255,0.519878,9.96335,0.923316,3219
256,0.514726,9.96211,0.927657,3487
257,0.515259,9.96467,0.930213,3846
258,0.515111,9.96589,0.930045,4132
259,0.515594,9.96649,0.928635,4275
260,0.514547,9.96859,0.928449,4323
261,0.514198,9.97085,0.928587,4343
262,0.514021,9.97352,0.928626,4363
263,0.513212,9.97711,0.92884,4391
264,0.513968,9.98031,0.928852,4429
265,0.513692,9.97935,0.929079,4462
266,0.513874,9.97528,0.929407,4496
267,0.51238,9.97013,0.929781,4529
268,0.511751,9.96658,0.929953,4542
269,0.511564,9.96933,0.930131,4550
270,0.511476,9.97027,0.930159,4563
271,0.511012,9.96558,0.930531,4579
272,0.510039,9.96213,0.930743,4598
273,0.510418,9.95929,0.931343,4632
274,0.509692,9.95769,0.932935,4736
275,0.507161,9.95275,0.936219,4945
276,0.509217,9.9535,0.939689,5258
277,0.512098,9.95595,0.942556,5624
278,0.510945,9.95898,0.942532,5862
279,0.510883,9.96016,0.94117,5969
280,0.510304,9.96269,0.940764,6007
281,0.510417,9.96449,0.941221,6028
282,0.509812,9.96592,0.941365,6043
283,0.510006,9.96712,0.941367,6075
284,0.508666,9.96673,0.941624,6116
285,0.510891,9.96323,0.94193,6180
286,0.50972,9.95828,0.942301,6215
287,0.509222,9.9571,0.942406,6240
288,0.508579,9.95796,0.942533,6252
289,0.508202,9.95775,0.942394,6260
290,0.507948,9.95555,0.942616,6273
291,0.508109,9.95483,0.942921,6289
292,0.507914,9.95222,0.943254,6330
293,0.509094,9.94914,0.944179,6381
294,0.509147,9.94638,0.945426,6492
295,0.508642,9.94529,0.947392,6690
296,0.510714,9.94609,0.950458,6982
297,0.50827,9.94947,0.952712,7245
298,0.509395,9.95253,0.952633,7396
299,0.509844,9.95428,0.95197,7479
300,0.509659,9.95569,0.951929,7507
301,0.509076,9.95763,0.951808,7532
302,0.509165,9.95926,0.951796,7558
303,0.508197,9.95634,0.952231,7575
304,0.507571,9.95312,0.952487,7606
305,0.506833,9.95177,0.952695,7649
306,0.50684,9.95313,0.952916,7675
307,0.506947,9.95468,0.952906,7696
308,0.506659,9.95399,0.953058,7708
309,0.506526,9.95043,0.953011,7720
310,0.505773,9.9489,0.95323,7739
311,0.504584,9.94751,0.953461,7759
312,0.503494,9.94348,0.953704,7789
313,0.503878,9.94154,0.954369,7837
314,0.506086,9.94093,0.955155,7936
315,0.504009,9.94203,0.956754,8096
316,0.505401,9.94397,0.958758,8276
317,0.505459,9.94653,0.959928,8446
318,0.505077,9.94877,0.959566,8552
319,0.506276,9.95016,0.958809,8593
320,0.506538,9.95172,0.958667,8609
321,0.506531,9.95123,0.958733,8626
322,0.506122,9.94853,0.958874,8651
323,0.505554,9.94611,0.959098,8674
324,0.505292,9.94584,0.959127,8688
325,0.505733,9.94627,0.959158,8703
326,0.505942,9.94861,0.95941,8714
327,0.506157,9.94907,0.95954,8735
328,0.505343,9.94811,0.959673,8752
329,0.504543,9.94599,0.959753,8764
330,0.504867,9.9434,0.959826,8777
331,0.506444,9.93949,0.960068,8791
332,0.506075,9.93774,0.960506,8816
333,0.506896,9.93827,0.960877,8858
334,0.505315,9.93871,0.962442,8933
335,0.504923,9.94147,0.96403,9045
336,0.505059,9.94361,0.965062,9146
337,0.502264,9.94405,0.965304,9233
338,0.500904,9.94592,0.964936,9273
339,0.501504,9.94527,0.964383,9292
340,0.501115,9.94383,0.964408,9299
341,0.50113,9.9401,0.964539,9310
342,0.500493,9.93724,0.964652,9326
343,0.499926,9.93655,0.964917,9339
344,0.499181,9.93923,0.964952,9349
345,0.499649,9.94138,0.965156,9353
346,0.50038,9.94211,0.965179,9359
347,0.50069,9.94074,0.965486,9364
348,0.501384,9.93978,0.965677,9374
349,0.501607,9.9363,0.965639,9379
350,0.502353,9.93415,0.965736,9384
351,0.501993,9.93217,0.966047,9391
352,0.501169,9.93042,0.966394,9400
353,0.500552,9.92846,0.967295,9422
354,0.499252,9.93133,0.967852,9458
355,0.500428,9.93182,0.969035,9504
356,0.501642,9.935,0.96977,9547
357,0.499709,9.93826,0.970368,9588
358,0.49975,9.93772,0.96992,9605
359,0.501156,9.93633,0.969691,9620
360,0.502036,9.93287,0.969836,9626
361,0.503366,9.93083,0.969984,9631
362,0.503109,9.92854,0.970059,9634
363,0.502412,9.92623,0.970026,9640
364,0.50321,9.92696,0.970153,9643
365,0.503671,9.92596,0.970372,9649
366,0.504044,9.92322,0.970436,9657
367,0.504785,9.92463,0.970591,9660
368,0.504677,9.92435,0.970968,9667
369,0.504346,9.92491,0.971089,9673
370,0.504739,9.92315,0.971106,9675
371,0.503885,9.92021,0.971499,9681
372,0.502841,9.91866,0.971735,9690
373,0.501252,9.91759,0.972097,9706
374,0.499301,9.91886,0.973422,9725
375,0.499441,9.92518,0.974262,9749
376,0.498425,9.92565,0.974537,9772
377,0.499776,9.92413,0.974772,9791
378,0.501316,9.91966,0.974167,9805
379,0.501783,9.91736,0.974236,9806
380,0.5042,9.91531,0.974384,9811
381,0.504286,9.91317,0.974495,9813
382,0.504105,9.91316,0.974554,9814
383,0.504768,9.91442,0.974644,9814
384,0.505747,9.91367,0.974754,9814
385,0.504869,9.91146,0.974907,9815
386,0.504146,9.91078,0.97495,9818
387,0.504283,9.9091,0.974988,9821
388,0.504906,9.90635,0.974946,9822
389,0.504434,9.90556,0.974965,9824
390,0.504347,9.90327,0.975208,9827
391,0.504952,9.90378,0.975104,9829
392,0.50391,9.90458,0.975366,9831
393,0.504715,9.90439,0.975606,9839
394,0.504552,9.90185,0.976096,9847
395,0.505285,9.90403,0.976881,9863
396,0.503716,9.90479,0.977043,9880
397,0.506189,9.90356,0.977099,9893
398,0.504849,9.90286,0.976755,9897
399,0.50511,9.89973,0.976605,9897
400,0.505446,9.89821,0.976552,9898
401,0.505463,9.89995,0.976483,9899
402,0.505637,9.90229,0.976587,9899
403,0.506637,9.90225,0.976674,9900
404,0.50759,9.90314,0.976836,9901
405,0.507653,9.89932,0.976871,9901
406,0.50756,9.89565,0.976958,9903
407,0.50709,9.8938,0.977207,9905
408,0.506037,9.89065,0.977274,9906
409,0.506126,9.89021,0.977336,9910
410,0.506682,9.88723,0.977553,9911
411,0.504753,9.88834,0.977795,9911
412,0.506112,9.8851,0.977927,9915
413,0.504813,9.88604,0.97851,9918
414,0.502577,9.88708,0.978938,9923
415,0.503653,9.88703,0.979085,9930
416,0.50288,9.88873,0.978918,9936
417,0.504047,9.88554,0.978396,9942
418,0.505816,9.88758,0.977897,9946
419,0.505301,9.88893,0.977914,9946
420,0.5067,9.89277,0.977947,9947
421,0.505946,9.89424,0.978064,9947
422,0.505024,9.89304,0.978112,9948
423,0.506094,9.89211,0.978241,9952
424,0.504172,9.89159,0.978521,9952
425,0.503485,9.89086,0.978399,9953
426,0.503102,9.88792,0.978397,9953
427,0.504338,9.88431,0.978597,9953
428,0.503886,9.88082,0.978713,9954
429,0.502209,9.87645,0.978896,9956
430,0.502023,9.87312,0.979005,9956
431,0.501984,9.87026,0.979179,9956
432,0.502719,9.86865,0.9793,9958
433,0.504781,9.86744,0.979435,9961
434,0.503237,9.86701,0.979566,9964
435,0.5028,9.87105,0.979669,9967
436,0.500341,9.87265,0.97989,9969
437,0.499502,9.8725,0.979488,9973
438,0.499328,9.87446,0.979035,9973
439,0.499494,9.87603,0.979118,9975
440,0.500397,9.87712,0.979074,9975
441,0.501681,9.87596,0.979169,9976
442,0.501237,9.87464,0.979286,9977
443,0.501167,9.87492,0.979404,9977
444,0.500934,9.87248,0.979472,9977
445,0.499413,9.86938,0.979432,9977
446,0.50052,9.86572,0.979558,9977
447,0.500428,9.86131,0.979598,9977
448,0.499992,9.8552,0.979649,9977
449,0.498497,9.85107,0.979555,9977
450,0.49942,9.84845,0.979792,9977
451,0.496478,9.84535,0.979697,9977
452,0.497339,9.84591,0.979994,9977
453,0.500898,9.84804,0.980231,9979
454,0.501988,9.84818,0.980689,9981
455,0.501839,9.85372,0.980916,9984
456,0.502423,9.85622,0.981097,9985
457,0.500532,9.85685,0.980842,9988
458,0.500537,9.858,0.980822,9989
459,0.499867,9.85576,0.980681,9990
460,0.499584,9.85448,0.980827,9990
461,0.499057,9.85544,0.980939,9990
462,0.498457,9.85338,0.980926,9990
463,0.49942,9.85205,0.980874,9990
464,0.498061,9.84934,0.980898,9990
465,0.498071,9.84543,0.980884,9990
466,0.497751,9.84135,0.981018,9990
467,0.496036,9.83891,0.980932,9990
468,0.496503,9.83627,0.980771,9990
469,0.494983,9.8324,0.980861,9990
470,0.494825,9.82959,0.981159,9990
471,0.495138,9.82781,0.981536,9990
472,0.495067,9.82536,0.981947,9991
473,0.49451,9.82842,0.981926,9992
474,0.495825,9.83075,0.981937,9993
475,0.497418,9.83222,0.981935,9993
476,0.49763,9.83581,0.981764,9994
477,0.497712,9.83882,0.981687,9994
478,0.497558,9.8392,0.981512,9994
479,0.49838,9.83857,0.981544,9994
480,0.498805,9.83787,0.981531,9994
481,0.49843,9.83551,0.981472,9994
482,0.498646,9.83283,0.98146,9994
483,0.497944,9.83008,0.981551,9994
484,0.498557,9.82855,0.981633,9995
485,0.499299,9.82602,0.981541,9995
486,0.499172,9.82395,0.981697,9995
487,0.498813,9.82223,0.98178,9995
488,0.497894,9.81836,0.981881,9995
489,0.498941,9.81519,0.981949,9995
490,0.498531,9.81118,0.982111,9995
491,0.499575,9.8108,0.982283,9995
492,0.497661,9.81389,0.982716,9995
493,0.497618,9.81873,0.982944,9995
494,0.495559,9.82387,0.983309,9996
495,0.496264,9.82746,0.983481,9996
496,0.4943,9.82989,0.983395,9997
497,0.49488,9.83144,0.983507,9997
498,0.49535,9.82961,0.983657,9997
499,0.496052,9.82841,0.983563,9997
500,0.496752,9.82682,0.983527,9997
501,0.496361,9.82483,0.983554,9997
502,0.495742,9.82055,0.983584,9997
503,0.49675,9.82059,0.983795,9997
504,0.497324,9.81869,0.983813,9997
505,0.498573,9.81446,0.983901,9997
506,0.498358,9.81031,0.983933,9997
507,0.497731,9.80677,0.984114,9997
508,0.497718,9.80397,0.984159,9997
509,0.498477,9.80169,0.984201,9997
510,0.498056,9.79888,0.984393,9997
511,0.497562,9.79584,0.984403,9997
512,0.499771,9.7962,0.984445,9997
513,0.497302,9.80565,0.984755,9998
514,0.495848,9.81223,0.984674,9998
515,0.494492,9.8164,0.984819,9998
516,0.495435,9.81838,0.984492,9998
517,0.495616,9.81694,0.984465,9998
518,0.498046,9.81459,0.984521,9998
519,0.498959,9.80982,0.984681,9998
520,0.499651,9.80468,0.984538,9998
521,0.500037,9.80172,0.984476,9998
522,0.499946,9.7988,0.984567,9998
523,0.499189,9.79629,0.984648,9998
524,0.498028,9.79335,0.984673,9998
525,0.499317,9.79111,0.984707,9998
526,0.499085,9.78813,0.984778,9998
527,0.49872,9.78395,0.984794,9998
528,0.498765,9.77638,0.984735,9998
529,0.497529,9.77032,0.984792,9998
530,0.498144,9.76989,0.984956,9998
531,0.497141,9.76861,0.985019,9998
532,0.496513,9.77366,0.985109,9998
533,0.4971,9.78099,0.985154,9999
534,0.498346,9.78769,0.985159,9999
535,0.495846,9.79128,0.985232,9999
536,0.492979,9.79165,0.985127,9999
537,0.493559,9.79101,0.985064,9999
538,0.493618,9.78998,0.984883,9999
539,0.493221,9.78885,0.984849,9999
540,0.492526,9.78828,0.984889,9999
541,0.493258,9.78664,0.98479,9999
542,0.493459,9.78175,0.984754,9999
543,0.492546,9.77992,0.984816,9999
544,0.492345,9.77652,0.984815,9999
545,0.491641,9.77234,0.984871,9999
546,0.490896,9.76713,0.984938,9999
547,0.490099,9.76233,0.985003,9999
548,0.491349,9.75621,0.985201,9999
549,0.492285,9.75151,0.98523,9999
550,0.49215,9.75053,0.985243,9999
551,0.49289,9.75368,0.985448,9999
552,0.494416,9.75712,0.985617,9999
553,0.492972,9.76515,0.985883,9999
554,0.493994,9.76943,0.985575,9999
555,0.493421,9.77144,0.985549,9999
556,0.494459,9.77314,0.985626,9999
557,0.493562,9.77511,0.985513,9999
558,0.493692,9.77408,0.985558,9999
559,0.494792,9.77136,0.98557,9999
560,0.495124,9.76934,0.985636,9999
561,0.494243,9.76623,0.985686,9999
562,0.494056,9.76244,0.985703,9999
563,0.493073,9.75696,0.985808,9999
564,0.492864,9.75189,0.985768,9999
565,0.492647,9.74866,0.985767,9999
566,0.492272,9.74055,0.985603,9999
567,0.491893,9.73853,0.985693,9999
568,0.493662,9.73379,0.985764,9999
569,0.491924,9.73085,0.985748,9999
570,0.492135,9.72997,0.985786,9999
571,0.491882,9.73124,0.985882,9999
572,0.493825,9.73186,0.985869,9999
573,0.495625,9.73622,0.985899,10000
574,0.495288,9.73899,0.985726,10000
575,0.49503,9.74252,0.985563,10000
576,0.4959,9.74132,0.985663,10000
577,0.495254,9.74109,0.985572,10000
578,0.49459,9.73764,0.985722,10000
579,0.495296,9.73312,0.985761,10000
580,0.494008,9.7293,0.985759,10000
581,0.49483,9.72754,0.985906,10000
582,0.494038,9.72237,0.985776,10000
583,0.492999,9.71456,0.985832,10000
584,0.493232,9.70429,0.985919,10000
585,0.493716,9.69794,0.986065,10000
586,0.493499,9.69126,0.986059,10000
587,0.492667,9.68534,0.986046,10000
588,0.492907,9.68078,0.985731,10000
589,0.493165,9.67801,0.985788,10000
590,0.492168,9.68089,0.986116,10000
591,0.494962,9.68231,0.986048,10000
592,0.496963,9.68759,0.986054,10000
593,0.497902,9.69077,0.9861,10000
594,0.498346,9.69334,0.986083,10000
595,0.497367,9.69814,0.986256,10000
596,0.497002,9.70137,0.986216,10000
597,0.497232,9.69642,0.986203,10000
598,0.497645,9.69442,0.985995,10000
599,0.497753,9.69169,0.986101,10000
600,0.49884,9.68038,0.986159,10000
601,0.49768,9.67803,0.986276,10000
602,0.498281,9.67241,0.986196,10000
603,0.496847,9.66546,0.986082,10000
604,0.497089,9.65842,0.986052,10000
605,0.497669,9.65441,0.986177,10000
606,0.498195,9.64714,0.98626,10000
607,0.497832,9.63732,0.986165,10000
608,0.498702,9.63403,0.986251,10000
609,0.500258,9.62879,0.986253,10000
610,0.499935,9.6347,0.986426,10000
611,0.499643,9.63797,0.986655,10000
612,0.499937,9.64642,0.986743,10000
613,0.498968,9.65657,0.986746,10000
614,0.497408,9.66459,0.986688,10000
615,0.496693,9.6687,0.986558,10000
616,0.497113,9.66943,0.986328,10000
617,0.498212,9.66629,0.986366,10000
618,0.497856,9.66155,0.986362,10000
619,0.497801,9.65665,0.986381,10000
620,0.496833,9.65292,0.98628,10000
621,0.495178,9.64822,0.986221,10000
622,0.496057,9.63899,0.986209,10000
623,0.497086,9.628,0.986071,10000
624,0.498827,9.61991,0.986121,10000
625,0.499363,9.61143,0.986193,10000
626,0.499712,9.60448,0.986309,10000
627,0.499507,9.6016,0.986375,10000
628,0.500908,9.59995,0.986292,10000
629,0.499247,9.59876,0.986136,10000
630,0.49969,9.60673,0.986091,10000
631,0.499383,9.61312,0.985907,10000
632,0.498485,9.62364,0.985829,10000
633,0.499902,9.62741,0.986058,10000
634,0.497703,9.63142,0.985888,10000
635,0.496074,9.62872,0.985976,10000
636,0.495546,9.62574,0.985884,10000
637,0.497418,9.62187,0.985715,10000
638,0.498065,9.61168,0.985929,10000
639,0.498784,9.60382,0.985884,10000
640,0.496924,9.59384,0.985887,10000
641,0.49612,9.58557,0.985975,10000
642,0.494955,9.58168,0.986028,10000
643,0.495092,9.57579,0.986042,10000
644,0.495289,9.57072,0.986188,10000
645,0.495472,9.56517,0.986198,10000
646,0.495439,9.56015,0.986132,10000
647,0.495306,9.55769,0.986164,10000
648,0.494991,9.55705,0.985924,10000
649,0.495897,9.55705,0.98599,10000
650,0.495332,9.55988,0.985988,10000
651,0.49682,9.56413,0.986156,10000
652,0.497067,9.57017,0.986156,10000
653,0.50022,9.57186,0.98641,10000
654,0.499773,9.57157,0.986538,10000
655,0.499415,9.56692,0.9866,10000
656,0.498445,9.56497,0.986779,10000
657,0.498718,9.56031,0.98688,10000
658,0.49872,9.55724,0.98683,10000
659,0.499459,9.55809,0.986926,10000
660,0.499342,9.55235,0.986969,10000
661,0.49984,9.54619,0.987158,10000
662,0.501763,9.53909,0.98725,10000
663,0.501927,9.53459,0.987233,10000
664,0.501532,9.53179,0.987313,10000
665,0.501398,9.52847,0.987456,10000
666,0.501887,9.52342,0.987414,10000
667,0.500024,9.5113,0.987297,10000
668,0.498991,9.50219,0.987314,10000
669,0.498347,9.49874,0.987372,10000
670,0.499081,9.49758,0.987606,10000
671,0.501679,9.50206,0.987555,10000
672,0.503012,9.50615,0.987318,10000
673,0.504906,9.51478,0.987563,10000
674,0.502139,9.519,0.987468,10000
675,0.501258,9.52293,0.987284,10000
676,0.500278,9.52276,0.987327,10000
677,0.497794,9.51701,0.987318,10000
678,0.499076,9.51204,0.987324,10000
679,0.499478,9.50569,0.987392,10000
680,0.499216,9.49829,0.987493,10000
681,0.499648,9.49388,0.987347,10000
682,0.499383,9.47869,0.987437,10000
683,0.498085,9.46939,0.987394,10000
684,0.497633,9.45967,0.98745,10000
685,0.49966,9.4458,0.987396,10000
686,0.500095,9.43398,0.987439,10000
687,0.501531,9.42982,0.987366,10000
688,0.501537,9.42883,0.987367,10000
689,0.502671,9.43306,0.987411,10000
690,0.504232,9.44514,0.987244,10000
691,0.506085,9.45709,0.987345,10000
692,0.504265,9.47152,0.987339,10000
693,0.502655,9.47889,0.987359,10000
694,0.502712,9.48453,0.987377,10000
695,0.502184,9.48359,0.987348,10000
696,0.503277,9.47348,0.987399,10000
697,0.502411,9.46046,0.987337,10000
698,0.501954,9.44836,0.987516,10000
699,0.502243,9.43955,0.987476,10000
700,0.503941,9.42915,0.987423,10000
701,0.504014,9.42128,0.987427,10000
702,0.504055,9.41261,0.987518,10000
703,0.504164,9.40496,0.987587,10000
704,0.504585,9.39655,0.987732,10000
705,0.503316,9.39292,0.98766,10000
706,0.5042,9.3881,0.987629,10000
707,0.502339,9.38609,0.987447,10000
708,0.502005,9.38501,0.987509,10000
709,0.5025,9.3953,0.98761,10000
710,0.501743,9.40212,0.987681,10000
711,0.499787,9.41062,0.987842,10000
712,0.499901,9.41199,0.987707,10000
713,0.499252,9.41874,0.987738,10000
714,0.498009,9.42025,0.987746,10000
715,0.498454,9.41542,0.987733,10000
716,0.498781,9.40743,0.987737,10000
717,0.49851,9.39761,0.987652,10000
718,0.499862,9.38856,0.987755,10000
719,0.500738,9.38311,0.987679,10000
720,0.501509,9.37392,0.98778,10000
721,0.50192,9.36331,0.987732,10000
722,0.50042,9.3572,0.98785,10000
723,0.500542,9.3482,0.987879,10000
724,0.500985,9.34556,0.987942,10000
725,0.501833,9.33856,0.98802,10000
726,0.502917,9.32653,0.988098,10000
727,0.503607,9.3209,0.987984,10000
728,0.504994,9.32027,0.987946,10000
729,0.504056,9.32333,0.98787,10000
730,0.503985,9.3241,0.98796,10000
731,0.502061,9.3302,0.987865,10000
732,0.502476,9.33665,0.987828,10000
733,0.50219,9.34173,0.987727,10000
734,0.501598,9.33947,0.987715,10000
735,0.500972,9.33105,0.987647,10000
736,0.50363,9.31431,0.987506,10000
737,0.504778,9.30185,0.987471,10000
738,0.503645,9.29043,0.987412,10000
739,0.503145,9.27956,0.987464,10000
740,0.502052,9.27494,0.987559,10000
741,0.50231,9.26838,0.987631,10000
742,0.5036,9.2617,0.987642,10000
743,0.504557,9.2586,0.987599,10000
744,0.505415,9.25358,0.987612,10000
745,0.504117,9.23931,0.987689,10000
746,0.50365,9.23225,0.987632,10000
747,0.505187,9.23025,0.98768,10000
748,0.503076,9.22453,0.987762,10000
749,0.504159,9.21999,0.987683,10000
750,0.503025,9.2164,0.987715,10000
751,0.500439,9.21389,0.987665,10000
752,0.501788,9.22431,0.987746,10000
753,0.502143,9.23906,0.987718,10000
754,0.504121,9.24569,0.98783,10000
755,0.503606,9.24385,0.987715,10000
756,0.503537,9.23784,0.987759,10000
757,0.503922,9.22431,0.987743,10000
758,0.504722,9.2151,0.987731,10000
759,0.503854,9.2038,0.987748,10000
760,0.504876,9.18886,0.987773,10000
761,0.502566,9.18013,0.987698,10000
762,0.503258,9.16703,0.987746,10000
763,0.504468,9.15041,0.98797,10000
764,0.504316,9.13417,0.988039,10000
765,0.504135,9.12552,0.987985,10000
766,0.503913,9.11843,0.987967,10000
767,0.503825,9.11979,0.988177,10000
768,0.503539,9.12435,0.988156,10000
769,0.504945,9.13186,0.987931,10000
770,0.503624,9.13969,0.98785,10000
771,0.50332,9.14871,0.987787,10000
772,0.501557,9.15672,0.987904,10000
773,0.501751,9.15817,0.98791,10000
774,0.501285,9.15287,0.987953,10000
775,0.502627,9.13418,0.987895,10000
776,0.502976,9.1144,0.987929,10000
777,0.502542,9.0989,0.988155,10000
778,0.504874,9.08805,0.988,10000
779,0.50525,9.08049,0.988066,10000
780,0.504967,9.06752,0.988193,10000
781,0.505918,9.05656,0.988228,10000
782,0.505888,9.05218,0.988126,10000
783,0.508633,9.03852,0.988277,10000
784,0.507343,9.02769,0.988376,10000
785,0.507452,9.01352,0.988355,10000
786,0.506644,9.00794,0.988273,10000
787,0.507921,9.00489,0.988369,10000
788,0.507835,9.00056,0.988311,10000
789,0.50885,9.00145,0.988185,10000
790,0.508819,8.9995,0.988121,10000
791,0.507754,9.00727,0.988238,10000
792,0.506222,9.01055,0.988191,10000
793,0.505289,9.00923,0.988091,10000
794,0.506735,9.00968,0.988154,10000
795,0.505072,9.00469,0.988186,10000
796,0.503912,8.99525,0.988101,10000
797,0.504095,8.98406,0.988181,10000
798,0.504598,8.96675,0.98817,10000
799,0.504236,8.94885,0.988093,10000
800,0.503065,8.93284,0.987959,10000
801,0.503208,8.90569,0.98803,10000
802,0.503747,8.88494,0.988009,10000
803,0.504286,8.87046,0.987949,10000
804,0.503743,8.85727,0.987909,10000
805,0.502191,8.85339,0.987868,10000
806,0.50066,8.84833,0.987902,10000
807,0.500858,8.83933,0.988048,10000
808,0.501558,8.837,0.987995,10000
809,0.501634,8.83785,0.987888,10000
810,0.500435,8.83919,0.987682,10000
811,0.501498,8.84561,0.987672,10000
812,0.503258,8.85484,0.987766,10000
813,0.503532,8.85388,0.987675,10000
814,0.502487,8.84005,0.987825,10000
815,0.502209,8.82735,0.987989,10000
816,0.503048,8.81415,0.988053,10000
817,0.5015,8.79063,0.988135,10000
818,0.50086,8.76273,0.988243,10000
819,0.500655,8.73539,0.988342,10000
820,0.500371,8.71655,0.988422,10000
821,0.500835,8.70516,0.988475,10000
822,0.502915,8.6906,0.988512,10000
823,0.502845,8.67778,0.988607,10000
824,0.502951,8.67238,0.988673,10000
825,0.502655,8.6616,0.988552,10000
826,0.501079,8.64802,0.988637,10000
827,0.498199,8.63607,0.988584,10000
828,0.49771,8.63374,0.988463,10000
829,0.498016,8.63973,0.988489,10000
830,0.499265,8.64605,0.988447,10000
831,0.501182,8.65254,0.988413,10000
832,0.50115,8.64389,0.988487,10000
833,0.500236,8.62523,0.988566,10000
834,0.49981,8.60445,0.988703,10000
835,0.498917,8.57429,0.988641,10000
836,0.49897,8.54549,0.988673,10000
837,0.499382,8.52712,0.988757,10000
838,0.499328,8.50928,0.988753,10000
839,0.500009,8.49452,0.98868,10000
840,0.498602,8.48128,0.98873,10000
841,0.4988,8.47167,0.988682,10000
842,0.498334,8.44985,0.988629,10000
843,0.498506,8.41765,0.98851,10000
844,0.499749,8.3705,0.988578,10000
845,0.499658,8.3353,0.988413,10000
846,0.499452,8.32175,0.988395,10000
847,0.49905,8.3273,0.988231,10000
848,0.499939,8.32967,0.988037,10000
849,0.500176,8.33312,0.987858,10000
850,0.502026,8.33708,0.987662,10000
851,0.501755,8.31773,0.9877,10000
852,0.502562,8.29159,0.987599,10000
853,0.503708,8.25505,0.987576,10000
854,0.505615,8.23229,0.987582,10000
855,0.505811,8.20588,0.987614,10000
856,0.5048,8.19357,0.987502,10000
857,0.504376,8.18573,0.987624,10000
858,0.504242,8.1666,0.987742,10000
859,0.503889,8.13557,0.987704,10000
860,0.505187,8.09831,0.987633,10000
861,0.50553,8.04396,0.987558,10000
862,0.505354,7.99254,0.987527,10000
863,0.502905,7.9565,0.987511,10000
864,0.503972,7.93865,0.987573,10000
865,0.50387,7.93451,0.987474,10000
866,0.503681,7.94497,0.987486,10000
867,0.503198,7.94906,0.987668,10000
868,0.506067,7.94638,0.987566,10000
869,0.505866,7.93232,0.987743,10000
870,0.503973,7.90558,0.987631,10000
871,0.505506,7.87181,0.987649,10000
872,0.505367,7.8388,0.987597,10000
873,0.50532,7.82281,0.987459,10000
874,0.5041,7.81758,0.987568,10000
875,0.502927,7.79503,0.987435,10000
876,0.500975,7.76494,0.987464,10000
877,0.500906,7.71571,0.987315,10000
878,0.499628,7.65862,0.987142,10000
879,0.499872,7.60215,0.987082,10000
880,0.500218,7.55322,0.987036,10000
881,0.499215,7.52783,0.987147,10000
882,0.498946,7.50295,0.98713,10000
883,0.500172,7.49377,0.987024,10000
884,0.49851,7.47186,0.987116,10000
885,0.498159,7.44822,0.987093,10000
886,0.498397,7.41719,0.987094,10000
887,0.499004,7.37438,0.987119,10000
888,0.499892,7.33609,0.987235,10000
889,0.502019,7.29209,0.987464,10000
890,0.503377,7.23266,0.98747,10000
891,0.503356,7.21317,0.987319,10000
892,0.50405,7.20141,0.987408,10000
893,0.503405,7.18635,0.987581,10000
894,0.502246,7.14854,0.98742,10000
895,0.50254,7.09168,0.98751,10000
896,0.503936,7.01583,0.987563,10000
897,0.502637,6.94571,0.987577,10000
898,0.504754,6.87923,0.987565,10000
899,0.503723,6.8341,0.987721,10000
900,0.502752,6.80463,0.987321,10000
901,0.500576,6.78468,0.987298,10000
902,0.501593,6.75533,0.987221,10000
903,0.497176,6.71022,0.987196,10000
904,0.497026,6.64813,0.987223,10000
905,0.497314,6.56742,0.987425,10000
906,0.496616,6.48529,0.987373,10000
907,0.497704,6.42488,0.987445,10000
908,0.496325,6.39882,0.9875,10000
909,0.495013,6.36515,0.987485,10000
910,0.498176,6.34574,0.987548,10000
911,0.497241,6.30729,0.98744,10000
912,0.494732,6.23237,0.987513,10000
913,0.498571,6.13929,0.987593,10000
914,0.495708,6.05008,0.987623,10000
915,0.497236,5.9734,0.987595,10000
916,0.496161,5.88181,0.987457,10000
917,0.493712,5.77823,0.987612,10000
918,0.49205,5.70297,0.987531,10000
919,0.494575,5.57252,0.987465,10000
920,0.494632,5.43531,0.987287,10000
921,0.493277,5.27397,0.987139,10000
922,0.495176,5.10963,0.987263,10000
923,0.498287,4.8863,0.987023,10000
924,0.498587,4.64965,0.987105,10000
925,0.496361,4.39028,0.987017,10000
926,0.495438,4.09387,0.986786,10000
927,0.500302,3.7486,0.986791,10000
928,0.498702,3.40796,0.986528,10000
929,0.499248,3.07635,0.986458,10000
930,0.494263,2.74931,0.986093,10000
931,0.499079,2.44556,0.986279,10000
932,0.497096,2.16633,0.986246,10000
933,0.496165,1.90927,0.987113,10000
934,0.499469,1.70992,0.986691,10000
935,0.493243,1.53776,0.986331,10000
936,0.496596,1.39439,0.986548,10000
937,0.498786,1.30853,0.986826,10000
938,0.495637,1.2395,0.986672,10000
939,0.493739,1.19714,0.986926,10000
940,0.495271,1.15301,0.986766,10000
941,0.495569,1.12467,0.986676,10000
942,0.496161,1.09808,0.986651,10000
943,0.496162,1.08006,0.98707,10000
944,0.504541,1.06906,0.987026,10000
945,0.508267,1.05507,0.986947,10000
946,0.510946,1.0464,0.986888,10000
947,0.508233,1.04292,0.986904,10000
948,0.507437,1.03835,0.986816,10000
949,0.501254,1.03701,0.987009,10000
950,0.500316,1.0362,0.987164,10000
951,0.500526,1.03731,0.98754,10000
952,0.499411,1.03786,0.987269,10000
953,0.495631,1.03705,0.987579,10000
954,0.497686,1.03513,0.987717,10000
955,0.500843,1.03394,0.987677,10000
956,0.49848,1.03384,0.987167,10000
957,0.501575,1.0351,0.987188,10000
958,0.506534,1.03562,0.987192,10000
959,0.506448,1.03512,0.987288,10000
960,0.507392,1.03363,0.987111,10000
961,0.509829,1.03413,0.986994,10000
962,0.503466,1.03172,0.987008,10000
963,0.502592,1.03156,0.987026,10000
964,0.501934,1.03077,0.987028,10000
965,0.503201,1.03113,0.987099,10000
966,0.505917,1.03104,0.98764,10000
967,0.507209,1.03158,0.987624,10000
968,0.501135,1.03302,0.987255,10000
969,0.504015,1.03155,0.986668,10000
970,0.506763,1.03406,0.986349,10000
971,0.512524,1.03374,0.985846,10000
972,0.504956,1.03346,0.985836,10000
973,0.502366,1.03426,0.98634,10000
974,0.499527,1.03411,0.986286,10000
975,0.496189,1.03305,0.986826,10000
976,0.497232,1.0325,0.987258,10000
977,0.493556,1.03312,0.987259,10000
978,0.493243,1.03483,0.987413,10000
979,0.493056,1.03405,0.987411,10000
980,0.494688,1.03252,0.98743,10000
981,0.495785,1.03192,0.987228,10000
982,0.494336,1.0344,0.987432,10000
983,0.491918,1.03438,0.987574,10000
984,0.493086,1.03476,0.988183,10000
985,0.494284,1.03373,0.987666,10000
986,0.496798,1.03364,0.987587,10000
987,0.499884,1.03476,0.98793,10000
988,0.496487,1.03505,0.987926,10000
989,0.497343,1.03547,0.987622,10000
990,0.498306,1.03459,0.987202,10000
991,0.497496,1.03407,0.986933,10000
992,0.497023,1.03483,0.986981,10000
993,0.499377,1.03329,0.98723,10000
994,0.497659,1.03219,0.987312,10000
995,0.494346,1.02974,0.987548,10000
996,0.495472,1.03052,0.98714,10000
997,0.496506,1.03201,0.987069,10000
998,0.495055,1.03159,0.986871,10000
999,0.498408,1.03225,0.98695,10000
