update,mean_coopval,mean_foodval,mean_p53,count
0,0.5,10,0.3,1
1,0.5,10,0.3,1
2,0.5,10,0.3,1
3,0.5,10,0.3,1
4,0.5,10,0.3,1
5,0.5,10,0.3,1
6,0.5,10,0.3,1
7,0.5,10,0.3,1
8,0.5,10,0.3,1
9,0.5,10,0.3,1
10,0.5,10,0.3,1
11,0.5,10,0.3,1
12,0.5,10,0.3,1
13,0.5,10,0.3,1
14,0.5,10,0.3,1
15,0.5,10,0.3,1
16,0.5,10,0.3,1
17,0.5,10,0.3,1
18,0.5,10,0.3,1
19,0.5,10,0.3,1
20,0.382204,9.58314,0.332541,2
21,0.382204,9.58314,0.332541,2
22,0.382204,9.58314,0.332541,2
23,0.382204,9.58314,0.332541,2
24,0.382204,9.58314,0.332541,2
25,0.382204,9.58314,0.332541,2
26,0.382204,9.58314,0.332541,2
27,0.382204,9.58314,0.332541,2
28,0.382204,9.58314,0.332541,2
29,0.382204,9.58314,0.332541,2
30,0.382204,9.58314,0.332541,2
31,0.382204,9.58314,0.332541,2
32,0.382204,9.58314,0.332541,2
33,0.382204,9.58314,0.332541,2
34,0.382204,9.58314,0.332541,2
35,0.382204,9.58314,0.332541,2
36,0.382204,9.58314,0.332541,2
37,0.382204,9.58314,0.332541,2
38,0.382204,9.58314,0.332541,2
39,0.382204,9.58314,0.332541,2
40,0.422375,9.28934,0.300834,2
41,0.422375,9.28934,0.300834,2
42,0.422375,9.28934,0.300834,2
43,0.422375,9.28934,0.300834,2
44,0.422375,9.28934,0.300834,2
45,0.422375,9.28934,0.300834,2
46,0.422375,9.28934,0.300834,2
47,0.422375,9.28934,0.300834,2
48,0.422375,9.28934,0.300834,2
49,0.422375,9.28934,0.300834,2
50,0.422375,9.28934,0.300834,2
51,0.422375,9.28934,0.300834,2
52,0.422375,9.28934,0.300834,2
53,0.422375,9.28934,0.300834,2
54,0.422375,9.28934,0.300834,2
55,0.422375,9.28934,0.300834,2
56,0.422375,9.28934,0.300834,2
57,0.422375,9.28934,0.300834,2
58,0.270879,9.33097,0.260571,3
59,0.5,9.1021,0.259284,4
60,0.5,9.1021,0.259284,4
61,0.5,9.1021,0.259284,4
62,0.5,9.1021,0.259284,4
63,0.5,9.1021,0.259284,4
64,0.5,9.1021,0.259284,4
65,0.5,9.1021,0.259284,4
66,0.5,9.1021,0.259284,4
67,0.5,9.1021,0.259284,4
68,0.5,9.1021,0.259284,4
69,0.5,9.1021,0.259284,4
70,0.5,9.1021,0.259284,4
71,0.5,9.1021,0.259284,4
72,0.5,9.1021,0.259284,4
73,0.5,9.1021,0.259284,4
74,0.5,9.1021,0.259284,4
75,0.5,9.1021,0.259284,4
76,0.333333,9.21655,0.260571,3
77,0.244496,9.01692,0.269705,5
78,0.30562,8.88698,0.277985,4
79,0.30562,8.88698,0.277985,4
80,0.30562,8.88698,0.277985,4
81,0.30562,8.88698,0.277985,4
82,0.30562,8.88698,0.277985,4
83,0.30562,8.88698,0.277985,4
84,0.30562,8.88698,0.277985,4
85,0.30562,8.88698,0.277985,4
86,0.30562,8.88698,0.277985,4
87,0.30562,8.88698,0.277985,4
88,0.30562,8.88698,0.277985,4
89,0.30562,8.88698,0.277985,4
90,0.30562,8.88698,0.277985,4
91,0.30562,8.88698,0.277985,4
92,0.30562,8.88698,0.277985,4
93,0.30562,8.88698,0.277985,4
94,0.374842,8.66537,0.304819,6
95,0.374842,8.66537,0.304819,6
96,0.373323,8.77646,0.283101,8
97,0.373323,8.77646,0.283101,8
98,0.373323,8.77646,0.283101,8
99,0.373323,8.77646,0.283101,8
100,0.373323,8.77646,0.283101,8
101,0.373323,8.77646,0.283101,8
102,0.373323,8.77646,0.283101,8
103,0.373323,8.77646,0.283101,8
104,0.373323,8.77646,0.283101,8
105,0.373323,8.77646,0.283101,8
106,0.373323,8.77646,0.283101,8
107,0.373323,8.77646,0.283101,8
108,0.373323,8.77646,0.283101,8
109,0.373323,8.77646,0.283101,8
110,0.373323,8.77646,0.283101,8
111,0.353122,8.69898,0.250407,8
112,0.41817,8.63123,0.235238,8
113,0.41817,8.63123,0.235238,8
114,0.428005,8.52849,0.20703,8
115,0.385963,8.45034,0.185733,10
116,0.385963,8.45034,0.185733,10
117,0.385963,8.45034,0.185733,10
118,0.385963,8.45034,0.185733,10
119,0.385963,8.45034,0.185733,10
120,0.385963,8.45034,0.185733,10
121,0.385963,8.45034,0.185733,10
122,0.385963,8.45034,0.185733,10
123,0.385963,8.45034,0.185733,10
124,0.385963,8.45034,0.185733,10
125,0.385963,8.45034,0.185733,10
126,0.35236,8.31483,0.18086,11
127,0.324819,8.35713,0.167379,10
128,0.249799,8.34921,0.152679,9
129,0.311553,8.287,0.178059,10
130,0.311553,8.287,0.178059,10
131,0.28323,8.25071,0.191894,11
132,0.265003,8.29969,0.162305,14
133,0.278418,8.25189,0.156979,14
134,0.278418,8.25189,0.156979,14
135,0.278418,8.25189,0.156979,14
136,0.278418,8.25189,0.156979,14
137,0.278418,8.25189,0.156979,14
138,0.278418,8.25189,0.156979,14
139,0.278418,8.25189,0.156979,14
140,0.278418,8.25189,0.156979,14
141,0.3274,8.22451,0.15537,14
142,0.3274,8.22451,0.15537,14
143,0.3274,8.22451,0.15537,14
144,0.3274,8.22451,0.15537,14
145,0.2874,8.23186,0.136053,13
146,0.228016,8.24812,0.113949,12
147,0.248745,8.26923,0.0942852,11
148,0.282931,8.19137,0.100205,12
149,0.337536,8.12148,0.0891754,16
150,0.411266,8.1553,0.0903185,19
151,0.420023,8.14213,0.0872728,20
152,0.420023,8.14213,0.0872728,20
153,0.420023,8.14213,0.0872728,20
154,0.408178,8.04569,0.091958,21
155,0.408178,8.04569,0.091958,21
156,0.389625,8.01559,0.0877781,22
157,0.389625,8.01559,0.0877781,22
158,0.389625,8.01559,0.0877781,22
159,0.389625,8.01559,0.0877781,22
160,0.389625,8.01559,0.0877781,22
161,0.389625,8.01559,0.0877781,22
162,0.389625,8.01559,0.0877781,22
163,0.389625,8.01559,0.0877781,22
164,0.393397,7.97008,0.0802631,22
165,0.414652,7.89424,0.0807659,24
166,0.423299,7.88781,0.071792,27
167,0.418782,7.84385,0.0634945,30
168,0.4302,7.85183,0.0739302,34
169,0.4302,7.85183,0.0739302,34
170,0.4302,7.85183,0.0739302,34
171,0.432389,7.84816,0.0701001,34
172,0.432389,7.84816,0.0701001,34
173,0.432389,7.84816,0.0701001,34
174,0.432389,7.84816,0.0701001,34
175,0.432389,7.84816,0.0701001,34
176,0.432389,7.84816,0.0701001,34
177,0.432389,7.84816,0.0701001,34
178,0.411038,7.82552,0.0680972,35
179,0.42905,7.75831,0.0713943,37
180,0.424088,7.62542,0.0745739,42
181,0.447119,7.61125,0.0728396,43
182,0.435789,7.60805,0.0734721,46
183,0.434776,7.58693,0.0646919,52
184,0.431701,7.57412,0.070487,59
185,0.425181,7.57183,0.0745332,64
186,0.429704,7.5744,0.0755403,65
187,0.425583,7.57026,0.0743957,66
188,0.425583,7.57026,0.0743957,66
189,0.425583,7.57026,0.0743957,66
190,0.425583,7.57026,0.0743957,66
191,0.425583,7.57026,0.0743957,66
192,0.432676,7.5034,0.0741407,68
193,0.436368,7.396,0.0772644,74
194,0.440996,7.35403,0.0764329,78
195,0.449445,7.34515,0.0737947,79
196,0.45426,7.32459,0.0736508,82
197,0.461915,7.30049,0.0749843,86
198,0.463543,7.28507,0.0734519,91
199,0.46327,7.23281,0.0668648,102
200,0.464548,7.2424,0.0702173,107
201,0.454718,7.2678,0.0712479,118
202,0.458991,7.2663,0.0752667,122
203,0.460578,7.21612,0.0780123,127
204,0.470089,7.18282,0.0784559,129
205,0.474165,7.16999,0.0784918,130
206,0.464481,7.10131,0.0829491,138
207,0.459703,7.08819,0.0824271,140
208,0.462629,7.04923,0.0794042,147
209,0.461842,7.03853,0.0819811,150
210,0.466066,7.01857,0.0799463,154
211,0.466008,7.00493,0.0799682,155
212,0.466513,6.98465,0.0791992,164
213,0.46795,6.93988,0.077337,176
214,0.471724,6.90546,0.0754532,187
215,0.477099,6.89979,0.0768493,199
216,0.471148,6.8858,0.0755384,205
217,0.471686,6.8957,0.0794504,215
218,0.470875,6.89148,0.0813313,230
219,0.475314,6.88382,0.0795538,233
220,0.465476,6.86324,0.0803919,241
221,0.466843,6.84651,0.081248,245
222,0.481798,6.80837,0.079157,258
223,0.483749,6.75965,0.0789592,266
224,0.483056,6.69609,0.0779147,279
225,0.477602,6.65647,0.0783897,295
226,0.474607,6.63547,0.0787011,305
227,0.468384,6.60439,0.0789591,328
228,0.46755,6.57985,0.0793998,340
229,0.462953,6.58022,0.0794681,351
230,0.462449,6.57633,0.0805691,374
231,0.469498,6.5589,0.080063,390
232,0.469773,6.54186,0.0803596,407
233,0.470836,6.51572,0.0818301,434
234,0.475914,6.505,0.0788743,455
235,0.482708,6.47293,0.077897,477
236,0.485776,6.4551,0.0782644,494
237,0.490815,6.4305,0.0784288,505
238,0.492547,6.39517,0.0793427,526
239,0.490572,6.3577,0.0797171,548
240,0.490984,6.33009,0.0775847,572
241,0.485375,6.30443,0.0776457,593
242,0.486451,6.24844,0.0786689,634
243,0.48547,6.2223,0.0779827,664
244,0.48444,6.21194,0.0794941,697
245,0.481226,6.19121,0.0799546,733
246,0.481429,6.16681,0.0787764,761
247,0.477686,6.14191,0.0799973,790
248,0.485502,6.09411,0.079693,836
249,0.487355,6.08094,0.0803511,852
250,0.487355,6.08094,0.0803511,852
251,0.487355,6.08094,0.0803511,852
252,0.487355,6.08094,0.0803511,852
253,0.487355,6.08094,0.0803511,852
254,0.487355,6.08094,0.0803511,852
255,0.487355,6.08094,0.0803511,852
256,0.487355,6.08094,0.0803511,852
257,0.487355,6.08094,0.0803511,852
258,0.487355,6.08094,0.0803511,852
259,0.487355,6.08094,0.0803511,852
260,0.487355,6.08094,0.0803511,852
261,0.487355,6.08094,0.0803511,852
262,0.487355,6.08094,0.0803511,852
263,0.487355,6.08094,0.0803511,852
264,0.487355,6.08094,0.0803511,852
265,0.487355,6.08094,0.0803511,852
266,0.487355,6.08094,0.0803511,852
267,0.487355,6.08094,0.0803511,852
268,0.487355,6.08094,0.0803511,852
269,0.487355,6.08094,0.0803511,852
270,0.487355,6.08094,0.0803511,852
271,0.487355,6.08094,0.0803511,852
272,0.487355,6.08094,0.0803511,852
273,0.487355,6.08094,0.0803511,852
274,0.487355,6.08094,0.0803511,852
275,0.487355,6.08094,0.0803511,852
276,0.487355,6.08094,0.0803511,852
277,0.487355,6.08094,0.0803511,852
278,0.487355,6.08094,0.0803511,852
279,0.487355,6.08094,0.0803511,852
280,0.487355,6.08094,0.0803511,852
281,0.487355,6.08094,0.0803511,852
282,0.487355,6.08094,0.0803511,852
283,0.487355,6.08094,0.0803511,852
284,0.487355,6.08094,0.0803511,852
285,0.487355,6.08094,0.0803511,852
286,0.487355,6.08094,0.0803511,852
287,0.487355,6.08094,0.0803511,852
288,0.487355,6.08094,0.0803511,852
289,0.487355,6.08094,0.0803511,852
290,0.487355,6.08094,0.0803511,852
291,0.487355,6.08094,0.0803511,852
292,0.487355,6.08094,0.0803511,852
293,0.487355,6.08094,0.0803511,852
294,0.487355,6.08094,0.0803511,852
295,0.487355,6.08094,0.0803511,852
296,0.487355,6.08094,0.0803511,852
297,0.487355,6.08094,0.0803511,852
298,0.487355,6.08094,0.0803511,852
299,0.487355,6.08094,0.0803511,852
300,0.487355,6.08094,0.0803511,852
301,0.487355,6.08094,0.0803511,852
302,0.487355,6.08094,0.0803511,852
303,0.487355,6.08094,0.0803511,852
304,0.487355,6.08094,0.0803511,852
305,0.487355,6.08094,0.0803511,852
306,0.487355,6.08094,0.0803511,852
307,0.487355,6.08094,0.0803511,852
308,0.487355,6.08094,0.0803511,852
309,0.487355,6.08094,0.0803511,852
310,0.487355,6.08094,0.0803511,852
311,0.487355,6.08094,0.0803511,852
312,0.487355,6.08094,0.0803511,852
313,0.487355,6.08094,0.0803511,852
314,0.487355,6.08094,0.0803511,852
315,0.487355,6.08094,0.0803511,852
316,0.487355,6.08094,0.0803511,852
317,0.487355,6.08094,0.0803511,852
318,0.487355,6.08094,0.0803511,852
319,0.487355,6.08094,0.0803511,852
320,0.487355,6.08094,0.0803511,852
321,0.487355,6.08094,0.0803511,852
322,0.487355,6.08094,0.0803511,852
323,0.487355,6.08094,0.0803511,852
324,0.487355,6.08094,0.0803511,852
325,0.487355,6.08094,0.0803511,852
326,0.487355,6.08094,0.0803511,852
327,0.487355,6.08094,0.0803511,852
328,0.487355,6.08094,0.0803511,852
329,0.487355,6.08094,0.0803511,852
330,0.487355,6.08094,0.0803511,852
331,0.487355,6.08094,0.0803511,852
332,0.487355,6.08094,0.0803511,852
333,0.487355,6.08094,0.0803511,852
334,0.487355,6.08094,0.0803511,852
335,0.487355,6.08094,0.0803511,852
336,0.487355,6.08094,0.0803511,852
337,0.487355,6.08094,0.0803511,852
338,0.487355,6.08094,0.0803511,852
339,0.487355,6.08094,0.0803511,852
340,0.487355,6.08094,0.0803511,852
341,0.487355,6.08094,0.0803511,852
342,0.487355,6.08094,0.0803511,852
343,0.487355,6.08094,0.0803511,852
344,0.487355,6.08094,0.0803511,852
345,0.487355,6.08094,0.0803511,852
346,0.487355,6.08094,0.0803511,852
347,0.487355,6.08094,0.0803511,852
348,0.487355,6.08094,0.0803511,852
349,0.487355,6.08094,0.0803511,852
350,0.487355,6.08094,0.0803511,852
351,0.487355,6.08094,0.0803511,852
352,0.487355,6.08094,0.0803511,852
353,0.487355,6.08094,0.0803511,852
354,0.487355,6.08094,0.0803511,852
355,0.487355,6.08094,0.0803511,852
356,0.487355,6.08094,0.0803511,852
357,0.487355,6.08094,0.0803511,852
358,0.487355,6.08094,0.0803511,852
359,0.487355,6.08094,0.0803511,852
360,0.487355,6.08094,0.0803511,852
361,0.487355,6.08094,0.0803511,852
362,0.487355,6.08094,0.0803511,852
363,0.487355,6.08094,0.0803511,852
364,0.487355,6.08094,0.0803511,852
365,0.487355,6.08094,0.0803511,852
366,0.487355,6.08094,0.0803511,852
367,0.487355,6.08094,0.0803511,852
368,0.487355,6.08094,0.0803511,852
369,0.487355,6.08094,0.0803511,852
370,0.487355,6.08094,0.0803511,852
371,0.487355,6.08094,0.0803511,852
372,0.487355,6.08094,0.0803511,852
373,0.487355,6.08094,0.0803511,852
374,0.487355,6.08094,0.0803511,852
375,0.487355,6.08094,0.0803511,852
376,0.487355,6.08094,0.0803511,852
377,0.487355,6.08094,0.0803511,852
378,0.487355,6.08094,0.0803511,852
379,0.487355,6.08094,0.0803511,852
380,0.487355,6.08094,0.0803511,852
381,0.487355,6.08094,0.0803511,852
382,0.487355,6.08094,0.0803511,852
383,0.487355,6.08094,0.0803511,852
384,0.487355,6.08094,0.0803511,852
385,0.487355,6.08094,0.0803511,852
386,0.487355,6.08094,0.0803511,852
387,0.487355,6.08094,0.0803511,852
388,0.487355,6.08094,0.0803511,852
389,0.487355,6.08094,0.0803511,852
390,0.487355,6.08094,0.0803511,852
391,0.487355,6.08094,0.0803511,852
392,0.487355,6.08094,0.0803511,852
393,0.487355,6.08094,0.0803511,852
394,0.487355,6.08094,0.0803511,852
395,0.487355,6.08094,0.0803511,852
396,0.487355,6.08094,0.0803511,852
397,0.487355,6.08094,0.0803511,852
398,0.487355,6.08094,0.0803511,852
399,0.487355,6.08094,0.0803511,852
400,0.487355,6.08094,0.0803511,852
401,0.487355,6.08094,0.0803511,852
402,0.487355,6.08094,0.0803511,852
403,0.487355,6.08094,0.0803511,852
404,0.487355,6.08094,0.0803511,852
405,0.487355,6.08094,0.0803511,852
406,0.487355,6.08094,0.0803511,852
407,0.487355,6.08094,0.0803511,852
408,0.487355,6.08094,0.0803511,852
409,0.487355,6.08094,0.0803511,852
410,0.487355,6.08094,0.0803511,852
411,0.487355,6.08094,0.0803511,852
412,0.487355,6.08094,0.0803511,852
413,0.487355,6.08094,0.0803511,852
414,0.487355,6.08094,0.0803511,852
415,0.487355,6.08094,0.0803511,852
416,0.487355,6.08094,0.0803511,852
417,0.487355,6.08094,0.0803511,852
418,0.487355,6.08094,0.0803511,852
419,0.487355,6.08094,0.0803511,852
420,0.487355,6.08094,0.0803511,852
421,0.487355,6.08094,0.0803511,852
422,0.487355,6.08094,0.0803511,852
423,0.487355,6.08094,0.0803511,852
424,0.487355,6.08094,0.0803511,852
425,0.487355,6.08094,0.0803511,852
426,0.487355,6.08094,0.0803511,852
427,0.487355,6.08094,0.0803511,852
428,0.487355,6.08094,0.0803511,852
429,0.487355,6.08094,0.0803511,852
430,0.487355,6.08094,0.0803511,852
431,0.487355,6.08094,0.0803511,852
432,0.487355,6.08094,0.0803511,852
433,0.487355,6.08094,0.0803511,852
434,0.487355,6.08094,0.0803511,852
435,0.487355,6.08094,0.0803511,852
436,0.487355,6.08094,0.0803511,852
437,0.487355,6.08094,0.0803511,852
438,0.487355,6.08094,0.0803511,852
439,0.487355,6.08094,0.0803511,852
440,0.487355,6.08094,0.0803511,852
441,0.487355,6.08094,0.0803511,852
442,0.487355,6.08094,0.0803511,852
443,0.487355,6.08094,0.0803511,852
444,0.487355,6.08094,0.0803511,852
445,0.487355,6.08094,0.0803511,852
446,0.487355,6.08094,0.0803511,852
447,0.487355,6.08094,0.0803511,852
448,0.487355,6.08094,0.0803511,852
449,0.487355,6.08094,0.0803511,852
450,0.487355,6.08094,0.0803511,852
451,0.487355,6.08094,0.0803511,852
452,0.487355,6.08094,0.0803511,852
453,0.487355,6.08094,0.0803511,852
454,0.487355,6.08094,0.0803511,852
455,0.487355,6.08094,0.0803511,852
456,0.487355,6.08094,0.0803511,852
457,0.487355,6.08094,0.0803511,852
458,0.487355,6.08094,0.0803511,852
459,0.487355,6.08094,0.0803511,852
460,0.487355,6.08094,0.0803511,852
461,0.487355,6.08094,0.0803511,852
462,0.487355,6.08094,0.0803511,852
463,0.487355,6.08094,0.0803511,852
464,0.487355,6.08094,0.0803511,852
465,0.487355,6.08094,0.0803511,852
466,0.487355,6.08094,0.0803511,852
467,0.487355,6.08094,0.0803511,852
468,0.487355,6.08094,0.0803511,852
469,0.487355,6.08094,0.0803511,852
470,0.487355,6.08094,0.0803511,852
471,0.487355,6.08094,0.0803511,852
472,0.487355,6.08094,0.0803511,852
473,0.487355,6.08094,0.0803511,852
474,0.487355,6.08094,0.0803511,852
475,0.487355,6.08094,0.0803511,852
476,0.487355,6.08094,0.0803511,852
477,0.487355,6.08094,0.0803511,852
478,0.487355,6.08094,0.0803511,852
479,0.487355,6.08094,0.0803511,852
480,0.487355,6.08094,0.0803511,852
481,0.487355,6.08094,0.0803511,852
482,0.487355,6.08094,0.0803511,852
483,0.487355,6.08094,0.0803511,852
484,0.487355,6.08094,0.0803511,852
485,0.487355,6.08094,0.0803511,852
486,0.487355,6.08094,0.0803511,852
487,0.487355,6.08094,0.0803511,852
488,0.487355,6.08094,0.0803511,852
489,0.487355,6.08094,0.0803511,852
490,0.487355,6.08094,0.0803511,852
491,0.487355,6.08094,0.0803511,852
492,0.487355,6.08094,0.0803511,852
493,0.487355,6.08094,0.0803511,852
494,0.487355,6.08094,0.0803511,852
495,0.487355,6.08094,0.0803511,852
496,0.487355,6.08094,0.0803511,852
497,0.487355,6.08094,0.0803511,852
498,0.487355,6.08094,0.0803511,852
499,0.487355,6.08094,0.0803511,852
500,0.487355,6.08094,0.0803511,852
501,0.487355,6.08094,0.0803511,852
502,0.487355,6.08094,0.0803511,852
503,0.487355,6.08094,0.0803511,852
504,0.487355,6.08094,0.0803511,852
505,0.487355,6.08094,0.0803511,852
506,0.487355,6.08094,0.0803511,852
507,0.487355,6.08094,0.0803511,852
508,0.487355,6.08094,0.0803511,852
509,0.487355,6.08094,0.0803511,852
510,0.487355,6.08094,0.0803511,852
511,0.487355,6.08094,0.0803511,852
512,0.487355,6.08094,0.0803511,852
513,0.487355,6.08094,0.0803511,852
514,0.487355,6.08094,0.0803511,852
515,0.487355,6.08094,0.0803511,852
516,0.487355,6.08094,0.0803511,852
517,0.487355,6.08094,0.0803511,852
518,0.487355,6.08094,0.0803511,852
519,0.487355,6.08094,0.0803511,852
520,0.487355,6.08094,0.0803511,852
521,0.487355,6.08094,0.0803511,852
522,0.487355,6.08094,0.0803511,852
523,0.487355,6.08094,0.0803511,852
524,0.487355,6.08094,0.0803511,852
525,0.487355,6.08094,0.0803511,852
526,0.487355,6.08094,0.0803511,852
527,0.487355,6.08094,0.0803511,852
528,0.487355,6.08094,0.0803511,852
529,0.487355,6.08094,0.0803511,852
530,0.487355,6.08094,0.0803511,852
531,0.487355,6.08094,0.0803511,852
532,0.487355,6.08094,0.0803511,852
533,0.487355,6.08094,0.0803511,852
534,0.487355,6.08094,0.0803511,852
535,0.487355,6.08094,0.0803511,852
536,0.487355,6.08094,0.0803511,852
537,0.487355,6.08094,0.0803511,852
538,0.487355,6.08094,0.0803511,852
539,0.487355,6.08094,0.0803511,852
540,0.487355,6.08094,0.0803511,852
541,0.487355,6.08094,0.0803511,852
542,0.487355,6.08094,0.0803511,852
543,0.487355,6.08094,0.0803511,852
544,0.487355,6.08094,0.0803511,852
545,0.487355,6.08094,0.0803511,852
546,0.487355,6.08094,0.0803511,852
547,0.487355,6.08094,0.0803511,852
548,0.487355,6.08094,0.0803511,852
549,0.487355,6.08094,0.0803511,852
550,0.487355,6.08094,0.0803511,852
551,0.487355,6.08094,0.0803511,852
552,0.487355,6.08094,0.0803511,852
553,0.487355,6.08094,0.0803511,852
554,0.487355,6.08094,0.0803511,852
555,0.487355,6.08094,0.0803511,852
556,0.487355,6.08094,0.0803511,852
557,0.487355,6.08094,0.0803511,852
558,0.487355,6.08094,0.0803511,852
559,0.487355,6.08094,0.0803511,852
560,0.487355,6.08094,0.0803511,852
561,0.487355,6.08094,0.0803511,852
562,0.487355,6.08094,0.0803511,852
563,0.487355,6.08094,0.0803511,852
564,0.487355,6.08094,0.0803511,852
565,0.487355,6.08094,0.0803511,852
566,0.487355,6.08094,0.0803511,852
567,0.487355,6.08094,0.0803511,852
568,0.487355,6.08094,0.0803511,852
569,0.487355,6.08094,0.0803511,852
570,0.487355,6.08094,0.0803511,852
571,0.487355,6.08094,0.0803511,852
572,0.487355,6.08094,0.0803511,852
573,0.487355,6.08094,0.0803511,852
574,0.487355,6.08094,0.0803511,852
575,0.487355,6.08094,0.0803511,852
576,0.487355,6.08094,0.0803511,852
577,0.487355,6.08094,0.0803511,852
578,0.487355,6.08094,0.0803511,852
579,0.487355,6.08094,0.0803511,852
580,0.487355,6.08094,0.0803511,852
581,0.487355,6.08094,0.0803511,852
582,0.487355,6.08094,0.0803511,852
583,0.487355,6.08094,0.0803511,852
584,0.487355,6.08094,0.0803511,852
585,0.487355,6.08094,0.0803511,852
586,0.487355,6.08094,0.0803511,852
587,0.487355,6.08094,0.0803511,852
588,0.487355,6.08094,0.0803511,852
589,0.487355,6.08094,0.0803511,852
590,0.487355,6.08094,0.0803511,852
591,0.487355,6.08094,0.0803511,852
592,0.487355,6.08094,0.0803511,852
593,0.487355,6.08094,0.0803511,852
594,0.487355,6.08094,0.0803511,852
595,0.487355,6.08094,0.0803511,852
596,0.487355,6.08094,0.0803511,852
597,0.487355,6.08094,0.0803511,852
598,0.487355,6.08094,0.0803511,852
599,0.487355,6.08094,0.0803511,852
600,0.487355,6.08094,0.0803511,852
601,0.487355,6.08094,0.0803511,852
602,0.487355,6.08094,0.0803511,852
603,0.487355,6.08094,0.0803511,852
604,0.487355,6.08094,0.0803511,852
605,0.487355,6.08094,0.0803511,852
606,0.487355,6.08094,0.0803511,852
607,0.487355,6.08094,0.0803511,852
608,0.487355,6.08094,0.0803511,852
609,0.487355,6.08094,0.0803511,852
610,0.487355,6.08094,0.0803511,852
611,0.487355,6.08094,0.0803511,852
612,0.487355,6.08094,0.0803511,852
613,0.487355,6.08094,0.0803511,852
614,0.487355,6.08094,0.0803511,852
615,0.487355,6.08094,0.0803511,852
616,0.487355,6.08094,0.0803511,852
617,0.487355,6.08094,0.0803511,852
618,0.487355,6.08094,0.0803511,852
619,0.487355,6.08094,0.0803511,852
620,0.487355,6.08094,0.0803511,852
621,0.487355,6.08094,0.0803511,852
622,0.487355,6.08094,0.0803511,852
623,0.487355,6.08094,0.0803511,852
624,0.487355,6.08094,0.0803511,852
625,0.487355,6.08094,0.0803511,852
626,0.487355,6.08094,0.0803511,852
627,0.487355,6.08094,0.0803511,852
628,0.487355,6.08094,0.0803511,852
629,0.487355,6.08094,0.0803511,852
630,0.487355,6.08094,0.0803511,852
631,0.487355,6.08094,0.0803511,852
632,0.487355,6.08094,0.0803511,852
633,0.487355,6.08094,0.0803511,852
634,0.487355,6.08094,0.0803511,852
635,0.487355,6.08094,0.0803511,852
636,0.487355,6.08094,0.0803511,852
637,0.487355,6.08094,0.0803511,852
638,0.487355,6.08094,0.0803511,852
639,0.487355,6.08094,0.0803511,852
640,0.487355,6.08094,0.0803511,852
641,0.487355,6.08094,0.0803511,852
642,0.487355,6.08094,0.0803511,852
643,0.487355,6.08094,0.0803511,852
644,0.487355,6.08094,0.0803511,852
645,0.487355,6.08094,0.0803511,852
646,0.487355,6.08094,0.0803511,852
647,0.487355,6.08094,0.0803511,852
648,0.487355,6.08094,0.0803511,852
649,0.487355,6.08094,0.0803511,852
650,0.487355,6.08094,0.0803511,852
651,0.487355,6.08094,0.0803511,852
652,0.487355,6.08094,0.0803511,852
653,0.487355,6.08094,0.0803511,852
654,0.487355,6.08094,0.0803511,852
655,0.487355,6.08094,0.0803511,852
656,0.487355,6.08094,0.0803511,852
657,0.487355,6.08094,0.0803511,852
658,0.487355,6.08094,0.0803511,852
659,0.487355,6.08094,0.0803511,852
660,0.487355,6.08094,0.0803511,852
661,0.487355,6.08094,0.0803511,852
662,0.487355,6.08094,0.0803511,852
663,0.487355,6.08094,0.0803511,852
664,0.487355,6.08094,0.0803511,852
665,0.487355,6.08094,0.0803511,852
666,0.487355,6.08094,0.0803511,852
667,0.487355,6.08094,0.0803511,852
668,0.487355,6.08094,0.0803511,852
669,0.487355,6.08094,0.0803511,852
670,0.487355,6.08094,0.0803511,852
671,0.487355,6.08094,0.0803511,852
672,0.487355,6.08094,0.0803511,852
673,0.487355,6.08094,0.0803511,852
674,0.487355,6.08094,0.0803511,852
675,0.487355,6.08094,0.0803511,852
676,0.487355,6.08094,0.0803511,852
677,0.487355,6.08094,0.0803511,852
678,0.487355,6.08094,0.0803511,852
679,0.487355,6.08094,0.0803511,852
680,0.487355,6.08094,0.0803511,852
681,0.487355,6.08094,0.0803511,852
682,0.487355,6.08094,0.0803511,852
683,0.487355,6.08094,0.0803511,852
684,0.487355,6.08094,0.0803511,852
685,0.487355,6.08094,0.0803511,852
686,0.487355,6.08094,0.0803511,852
687,0.487355,6.08094,0.0803511,852
688,0.487355,6.08094,0.0803511,852
689,0.487355,6.08094,0.0803511,852
690,0.487355,6.08094,0.0803511,852
691,0.487355,6.08094,0.0803511,852
692,0.487355,6.08094,0.0803511,852
693,0.487355,6.08094,0.0803511,852
694,0.487355,6.08094,0.0803511,852
695,0.487355,6.08094,0.0803511,852
696,0.487355,6.08094,0.0803511,852
697,0.487355,6.08094,0.0803511,852
698,0.487355,6.08094,0.0803511,852
699,0.487355,6.08094,0.0803511,852
700,0.487355,6.08094,0.0803511,852
701,0.487355,6.08094,0.0803511,852
702,0.487355,6.08094,0.0803511,852
703,0.487355,6.08094,0.0803511,852
704,0.487355,6.08094,0.0803511,852
705,0.487355,6.08094,0.0803511,852
706,0.487355,6.08094,0.0803511,852
707,0.487355,6.08094,0.0803511,852
708,0.487355,6.08094,0.0803511,852
709,0.487355,6.08094,0.0803511,852
710,0.487355,6.08094,0.0803511,852
711,0.487355,6.08094,0.0803511,852
712,0.487355,6.08094,0.0803511,852
713,0.487355,6.08094,0.0803511,852
714,0.487355,6.08094,0.0803511,852
715,0.487355,6.08094,0.0803511,852
716,0.487355,6.08094,0.0803511,852
717,0.487355,6.08094,0.0803511,852
718,0.487355,6.08094,0.0803511,852
719,0.487355,6.08094,0.0803511,852
720,0.487355,6.08094,0.0803511,852
721,0.487355,6.08094,0.0803511,852
722,0.487355,6.08094,0.0803511,852
723,0.487355,6.08094,0.0803511,852
724,0.487355,6.08094,0.0803511,852
725,0.487355,6.08094,0.0803511,852
726,0.487355,6.08094,0.0803511,852
727,0.487355,6.08094,0.0803511,852
728,0.487355,6.08094,0.0803511,852
729,0.487355,6.08094,0.0803511,852
730,0.487355,6.08094,0.0803511,852
731,0.487355,6.08094,0.0803511,852
732,0.487355,6.08094,0.0803511,852
733,0.487355,6.08094,0.0803511,852
734,0.487355,6.08094,0.0803511,852
735,0.487355,6.08094,0.0803511,852
736,0.487355,6.08094,0.0803511,852
737,0.487355,6.08094,0.0803511,852
738,0.487355,6.08094,0.0803511,852
739,0.487355,6.08094,0.0803511,852
740,0.487355,6.08094,0.0803511,852
741,0.487355,6.08094,0.0803511,852
742,0.487355,6.08094,0.0803511,852
743,0.487355,6.08094,0.0803511,852
744,0.487355,6.08094,0.0803511,852
745,0.487355,6.08094,0.0803511,852
746,0.487355,6.08094,0.0803511,852
747,0.487355,6.08094,0.0803511,852
748,0.487355,6.08094,0.0803511,852
749,0.487355,6.08094,0.0803511,852
750,0.487355,6.08094,0.0803511,852
751,0.487355,6.08094,0.0803511,852
752,0.487355,6.08094,0.0803511,852
753,0.487355,6.08094,0.0803511,852
754,0.487355,6.08094,0.0803511,852
755,0.487355,6.08094,0.0803511,852
756,0.487355,6.08094,0.0803511,852
757,0.487355,6.08094,0.0803511,852
758,0.487355,6.08094,0.0803511,852
759,0.487355,6.08094,0.0803511,852
760,0.487355,6.08094,0.0803511,852
761,0.487355,6.08094,0.0803511,852
762,0.487355,6.08094,0.0803511,852
763,0.487355,6.08094,0.0803511,852
764,0.487355,6.08094,0.0803511,852
765,0.487355,6.08094,0.0803511,852
766,0.487355,6.08094,0.0803511,852
767,0.487355,6.08094,0.0803511,852
768,0.487355,6.08094,0.0803511,852
769,0.487355,6.08094,0.0803511,852
770,0.487355,6.08094,0.0803511,852
771,0.487355,6.08094,0.0803511,852
772,0.487355,6.08094,0.0803511,852
773,0.487355,6.08094,0.0803511,852
774,0.487355,6.08094,0.0803511,852
775,0.487355,6.08094,0.0803511,852
776,0.487355,6.08094,0.0803511,852
777,0.487355,6.08094,0.0803511,852
778,0.487355,6.08094,0.0803511,852
779,0.487355,6.08094,0.0803511,852
780,0.487355,6.08094,0.0803511,852
781,0.487355,6.08094,0.0803511,852
782,0.487355,6.08094,0.0803511,852
783,0.487355,6.08094,0.0803511,852
784,0.487355,6.08094,0.0803511,852
785,0.487355,6.08094,0.0803511,852
786,0.487355,6.08094,0.0803511,852
787,0.487355,6.08094,0.0803511,852
788,0.487355,6.08094,0.0803511,852
789,0.487355,6.08094,0.0803511,852
790,0.487355,6.08094,0.0803511,852
791,0.487355,6.08094,0.0803511,852
792,0.487355,6.08094,0.0803511,852
793,0.487355,6.08094,0.0803511,852
794,0.487355,6.08094,0.0803511,852
795,0.487355,6.08094,0.0803511,852
796,0.487355,6.08094,0.0803511,852
797,0.487355,6.08094,0.0803511,852
798,0.487355,6.08094,0.0803511,852
799,0.487355,6.08094,0.0803511,852
800,0.487355,6.08094,0.0803511,852
801,0.487355,6.08094,0.0803511,852
802,0.487355,6.08094,0.0803511,852
803,0.487355,6.08094,0.0803511,852
804,0.487355,6.08094,0.0803511,852
805,0.487355,6.08094,0.0803511,852
806,0.487355,6.08094,0.0803511,852
807,0.487355,6.08094,0.0803511,852
808,0.487355,6.08094,0.0803511,852
809,0.487355,6.08094,0.0803511,852
810,0.487355,6.08094,0.0803511,852
811,0.487355,6.08094,0.0803511,852
812,0.487355,6.08094,0.0803511,852
813,0.487355,6.08094,0.0803511,852
814,0.487355,6.08094,0.0803511,852
815,0.487355,6.08094,0.0803511,852
816,0.487355,6.08094,0.0803511,852
817,0.487355,6.08094,0.0803511,852
818,0.487355,6.08094,0.0803511,852
819,0.487355,6.08094,0.0803511,852
820,0.487355,6.08094,0.0803511,852
821,0.487355,6.08094,0.0803511,852
822,0.487355,6.08094,0.0803511,852
823,0.487355,6.08094,0.0803511,852
824,0.487355,6.08094,0.0803511,852
825,0.487355,6.08094,0.0803511,852
826,0.487355,6.08094,0.0803511,852
827,0.487355,6.08094,0.0803511,852
828,0.487355,6.08094,0.0803511,852
829,0.487355,6.08094,0.0803511,852
830,0.487355,6.08094,0.0803511,852
831,0.487355,6.08094,0.0803511,852
832,0.487355,6.08094,0.0803511,852
833,0.487355,6.08094,0.0803511,852
834,0.487355,6.08094,0.0803511,852
835,0.487355,6.08094,0.0803511,852
836,0.487355,6.08094,0.0803511,852
837,0.487355,6.08094,0.0803511,852
838,0.487355,6.08094,0.0803511,852
839,0.487355,6.08094,0.0803511,852
840,0.487355,6.08094,0.0803511,852
841,0.487355,6.08094,0.0803511,852
842,0.487355,6.08094,0.0803511,852
843,0.487355,6.08094,0.0803511,852
844,0.487355,6.08094,0.0803511,852
845,0.487355,6.08094,0.0803511,852
846,0.487355,6.08094,0.0803511,852
847,0.487355,6.08094,0.0803511,852
848,0.487355,6.08094,0.0803511,852
849,0.487355,6.08094,0.0803511,852
850,0.487355,6.08094,0.0803511,852
851,0.487355,6.08094,0.0803511,852
852,0.487355,6.08094,0.0803511,852
853,0.487355,6.08094,0.0803511,852
854,0.487355,6.08094,0.0803511,852
855,0.487355,6.08094,0.0803511,852
856,0.487355,6.08094,0.0803511,852
857,0.487355,6.08094,0.0803511,852
858,0.487355,6.08094,0.0803511,852
859,0.487355,6.08094,0.0803511,852
860,0.487355,6.08094,0.0803511,852
861,0.487355,6.08094,0.0803511,852
862,0.487355,6.08094,0.0803511,852
863,0.487355,6.08094,0.0803511,852
864,0.487355,6.08094,0.0803511,852
865,0.487355,6.08094,0.0803511,852
866,0.487355,6.08094,0.0803511,852
867,0.487355,6.08094,0.0803511,852
868,0.487355,6.08094,0.0803511,852
869,0.487355,6.08094,0.0803511,852
870,0.487355,6.08094,0.0803511,852
871,0.487355,6.08094,0.0803511,852
872,0.487355,6.08094,0.0803511,852
873,0.487355,6.08094,0.0803511,852
874,0.487355,6.08094,0.0803511,852
875,0.487355,6.08094,0.0803511,852
876,0.487355,6.08094,0.0803511,852
877,0.487355,6.08094,0.0803511,852
878,0.487355,6.08094,0.0803511,852
879,0.487355,6.08094,0.0803511,852
880,0.487355,6.08094,0.0803511,852
881,0.487355,6.08094,0.0803511,852
882,0.487355,6.08094,0.0803511,852
883,0.487355,6.08094,0.0803511,852
884,0.487355,6.08094,0.0803511,852
885,0.487355,6.08094,0.0803511,852
886,0.487355,6.08094,0.0803511,852
887,0.487355,6.08094,0.0803511,852
888,0.487355,6.08094,0.0803511,852
889,0.487355,6.08094,0.0803511,852
890,0.487355,6.08094,0.0803511,852
891,0.487355,6.08094,0.0803511,852
892,0.487355,6.08094,0.0803511,852
893,0.487355,6.08094,0.0803511,852
894,0.487355,6.08094,0.0803511,852
895,0.487355,6.08094,0.0803511,852
896,0.487355,6.08094,0.0803511,852
897,0.487355,6.08094,0.0803511,852
898,0.487355,6.08094,0.0803511,852
899,0.487355,6.08094,0.0803511,852
900,0.487355,6.08094,0.0803511,852
901,0.487355,6.08094,0.0803511,852
902,0.487355,6.08094,0.0803511,852
903,0.487355,6.08094,0.0803511,852
904,0.487355,6.08094,0.0803511,852
905,0.487355,6.08094,0.0803511,852
906,0.487355,6.08094,0.0803511,852
907,0.487355,6.08094,0.0803511,852
908,0.487355,6.08094,0.0803511,852
909,0.487355,6.08094,0.0803511,852
910,0.487355,6.08094,0.0803511,852
911,0.487355,6.08094,0.0803511,852
912,0.487355,6.08094,0.0803511,852
913,0.487355,6.08094,0.0803511,852
914,0.487355,6.08094,0.0803511,852
915,0.487355,6.08094,0.0803511,852
916,0.487355,6.08094,0.0803511,852
917,0.487355,6.08094,0.0803511,852
918,0.487355,6.08094,0.0803511,852
919,0.487355,6.08094,0.0803511,852
920,0.487355,6.08094,0.0803511,852
921,0.487355,6.08094,0.0803511,852
922,0.487355,6.08094,0.0803511,852
923,0.487355,6.08094,0.0803511,852
924,0.487355,6.08094,0.0803511,852
925,0.487355,6.08094,0.0803511,852
926,0.487355,6.08094,0.0803511,852
927,0.487355,6.08094,0.0803511,852
928,0.487355,6.08094,0.0803511,852
929,0.487355,6.08094,0.0803511,852
930,0.487355,6.08094,0.0803511,852
931,0.487355,6.08094,0.0803511,852
932,0.487355,6.08094,0.0803511,852
933,0.487355,6.08094,0.0803511,852
934,0.487355,6.08094,0.0803511,852
935,0.487355,6.08094,0.0803511,852
936,0.487355,6.08094,0.0803511,852
937,0.487355,6.08094,0.0803511,852
938,0.487355,6.08094,0.0803511,852
939,0.487355,6.08094,0.0803511,852
940,0.487355,6.08094,0.0803511,852
941,0.487355,6.08094,0.0803511,852
942,0.487355,6.08094,0.0803511,852
943,0.487355,6.08094,0.0803511,852
944,0.487355,6.08094,0.0803511,852
945,0.487355,6.08094,0.0803511,852
946,0.487355,6.08094,0.0803511,852
947,0.487355,6.08094,0.0803511,852
948,0.487355,6.08094,0.0803511,852
949,0.487355,6.08094,0.0803511,852
950,0.487355,6.08094,0.0803511,852
951,0.487355,6.08094,0.0803511,852
952,0.487355,6.08094,0.0803511,852
953,0.487355,6.08094,0.0803511,852
954,0.487355,6.08094,0.0803511,852
955,0.487355,6.08094,0.0803511,852
956,0.487355,6.08094,0.0803511,852
957,0.487355,6.08094,0.0803511,852
958,0.487355,6.08094,0.0803511,852
959,0.487355,6.08094,0.0803511,852
960,0.487355,6.08094,0.0803511,852
961,0.487355,6.08094,0.0803511,852
962,0.487355,6.08094,0.0803511,852
963,0.487355,6.08094,0.0803511,852
964,0.487355,6.08094,0.0803511,852
965,0.487355,6.08094,0.0803511,852
966,0.487355,6.08094,0.0803511,852
967,0.487355,6.08094,0.0803511,852
968,0.487355,6.08094,0.0803511,852
969,0.487355,6.08094,0.0803511,852
970,0.487355,6.08094,0.0803511,852
971,0.487355,6.08094,0.0803511,852
972,0.487355,6.08094,0.0803511,852
973,0.487355,6.08094,0.0803511,852
974,0.487355,6.08094,0.0803511,852
975,0.487355,6.08094,0.0803511,852
976,0.487355,6.08094,0.0803511,852
977,0.487355,6.08094,0.0803511,852
978,0.487355,6.08094,0.0803511,852
979,0.487355,6.08094,0.0803511,852
980,0.487355,6.08094,0.0803511,852
981,0.487355,6.08094,0.0803511,852
982,0.487355,6.08094,0.0803511,852
983,0.487355,6.08094,0.0803511,852
984,0.487355,6.08094,0.0803511,852
985,0.487355,6.08094,0.0803511,852
986,0.487355,6.08094,0.0803511,852
987,0.487355,6.08094,0.0803511,852
988,0.487355,6.08094,0.0803511,852
989,0.487355,6.08094,0.0803511,852
990,0.487355,6.08094,0.0803511,852
991,0.487355,6.08094,0.0803511,852
992,0.487355,6.08094,0.0803511,852
993,0.487355,6.08094,0.0803511,852
994,0.487355,6.08094,0.0803511,852
995,0.487355,6.08094,0.0803511,852
996,0.487355,6.08094,0.0803511,852
997,0.487355,6.08094,0.0803511,852
998,0.487355,6.08094,0.0803511,852
999,0.487355,6.08094,0.0803511,852
