update,mean_coopval,mean_foodval,mean_p53,count
0,0.5,10,0.3,1
1,0.5,10,0.3,1
2,0.5,10,0.3,1
3,0.5,10,0.3,1
4,0.5,10,0.3,1
5,0.5,10,0.3,1
6,0.5,10,0.3,1
7,0.5,10,0.3,1
8,0.5,10,0.3,1
9,0.5,10,0.3,1
10,0.5,10,0.3,1
11,0.5,10,0.3,1
12,0.5,10,0.3,1
13,0.5,10,0.3,1
14,0.5,10,0.3,1
15,0.5,10,0.3,1
16,0.5,10,0.3,1
17,0.5,10,0.3,1
18,0.5,10,0.3,1
19,0.5,10,0.3,1
20,0.500648,9.79096,0.25307,2
21,0.500648,9.79096,0.25307,2
22,0.500648,9.79096,0.25307,2
23,0.500648,9.79096,0.25307,2
24,0.500648,9.79096,0.25307,2
25,0.500648,9.79096,0.25307,2
26,0.500648,9.79096,0.25307,2
27,0.500648,9.79096,0.25307,2
28,0.500648,9.79096,0.25307,2
29,0.500648,9.79096,0.25307,2
30,0.500648,9.79096,0.25307,2
31,0.500648,9.79096,0.25307,2
32,0.500648,9.79096,0.25307,2
33,0.500648,9.79096,0.25307,2
34,0.500648,9.79096,0.25307,2
35,0.500648,9.79096,0.25307,2
36,0.500648,9.79096,0.25307,2
37,0.500648,9.79096,0.25307,2
38,0.500648,9.79096,0.25307,2
39,0.354878,9.58469,0.24582,3
40,0.353632,9.68808,0.240328,4
41,0.353632,9.68808,0.240328,4
42,0.353632,9.68808,0.240328,4
43,0.353632,9.68808,0.240328,4
44,0.353632,9.68808,0.240328,4
45,0.353632,9.68808,0.240328,4
46,0.353632,9.68808,0.240328,4
47,0.353632,9.68808,0.240328,4
48,0.353632,9.68808,0.240328,4
49,0.353632,9.68808,0.240328,4
50,0.353632,9.68808,0.240328,4
51,0.353632,9.68808,0.240328,4
52,0.353632,9.68808,0.240328,4
53,0.353632,9.68808,0.240328,4
54,0.353632,9.68808,0.240328,4
55,0.353632,9.68808,0.240328,4
56,0.353632,9.68808,0.240328,4
57,0.353632,9.68808,0.240328,4
58,0.356576,9.45536,0.221791,6
59,0.356576,9.45536,0.221791,6
60,0.34055,9.44011,0.20615,5
61,0.276035,9.59257,0.212641,6
62,0.276035,9.59257,0.212641,6
63,0.276035,9.59257,0.212641,6
64,0.276035,9.59257,0.212641,6
65,0.276035,9.59257,0.212641,6
66,0.276035,9.59257,0.212641,6
67,0.276035,9.59257,0.212641,6
68,0.276035,9.59257,0.212641,6
69,0.276035,9.59257,0.212641,6
70,0.276035,9.59257,0.212641,6
71,0.276035,9.59257,0.212641,6
72,0.276035,9.59257,0.212641,6
73,0.276035,9.59257,0.212641,6
74,0.276035,9.59257,0.212641,6
75,0.276035,9.59257,0.212641,6
76,0.331241,9.72907,0.207993,5
77,0.360765,9.44025,0.207342,7
78,0.31567,9.38561,0.220821,8
79,0.31567,9.38561,0.220821,8
80,0.320405,9.29915,0.217353,7
81,0.320405,9.29915,0.217353,7
82,0.320405,9.29915,0.217353,7
83,0.285737,9.43815,0.218299,8
84,0.285737,9.43815,0.218299,8
85,0.285737,9.43815,0.218299,8
86,0.285737,9.43815,0.218299,8
87,0.285737,9.43815,0.218299,8
88,0.285737,9.43815,0.218299,8
89,0.285737,9.43815,0.218299,8
90,0.285737,9.43815,0.218299,8
91,0.285737,9.43815,0.218299,8
92,0.285737,9.43815,0.218299,8
93,0.285737,9.43815,0.218299,8
94,0.395112,9.24308,0.215703,9
95,0.429812,9.13514,0.223772,10
96,0.439085,9.02108,0.214815,13
97,0.439085,9.02108,0.214815,13
98,0.475675,8.97459,0.206451,12
99,0.475675,8.97459,0.206451,12
100,0.475675,8.97459,0.206451,12
101,0.475675,8.97459,0.206451,12
102,0.475675,8.97459,0.206451,12
103,0.455653,8.9895,0.201254,13
104,0.455653,8.9895,0.201254,13
105,0.447667,9.10355,0.186879,14
106,0.447667,9.10355,0.186879,14
107,0.447667,9.10355,0.186879,14
108,0.447667,9.10355,0.186879,14
109,0.447667,9.10355,0.186879,14
110,0.470592,8.97258,0.190129,15
111,0.494116,8.84463,0.199363,16
112,0.483338,8.82794,0.203217,17
113,0.439773,8.70698,0.212911,21
114,0.416884,8.66969,0.213029,22
115,0.403322,8.68626,0.211754,23
116,0.45508,8.69731,0.222718,24
117,0.45508,8.69731,0.222718,24
118,0.45508,8.69731,0.222718,24
119,0.45508,8.69731,0.222718,24
120,0.45508,8.69731,0.222718,24
121,0.45508,8.69731,0.222718,24
122,0.44487,8.71688,0.221126,25
123,0.429574,8.73413,0.220052,26
124,0.429574,8.73413,0.220052,26
125,0.477764,8.62664,0.223122,28
126,0.48922,8.71466,0.211055,28
127,0.506021,8.58726,0.21266,28
128,0.506021,8.58726,0.21266,28
129,0.505895,8.55472,0.205128,29
130,0.507229,8.53194,0.202472,27
131,0.501032,8.47102,0.209818,28
132,0.501032,8.47102,0.209818,28
133,0.519589,8.45323,0.210785,27
134,0.5077,8.41655,0.213683,27
135,0.525282,8.42987,0.227529,28
136,0.525282,8.42987,0.227529,28
137,0.525282,8.42987,0.227529,28
138,0.525282,8.42987,0.227529,28
139,0.525282,8.42987,0.227529,28
140,0.542775,8.32136,0.235345,30
141,0.56177,8.26349,0.234496,34
142,0.560097,8.19295,0.233081,34
143,0.560097,8.19295,0.233081,34
144,0.560097,8.19295,0.233081,34
145,0.55629,8.18069,0.239898,34
146,0.592614,8.26625,0.238093,32
147,0.583196,8.29267,0.232495,35
148,0.589083,8.26263,0.230882,37
149,0.565862,8.25232,0.230223,38
150,0.565862,8.25232,0.230223,38
151,0.576993,8.24183,0.229247,39
152,0.564536,8.23557,0.229017,40
153,0.564536,8.23557,0.229017,40
154,0.532492,8.23734,0.240946,42
155,0.542887,8.13344,0.240323,44
156,0.513071,8.0756,0.232761,46
157,0.513071,8.0756,0.232761,46
158,0.513071,8.0756,0.232761,46
159,0.513071,8.0756,0.232761,46
160,0.47317,8.10751,0.226906,52
161,0.482387,8.07709,0.232448,52
162,0.501683,8.09665,0.233467,50
163,0.507962,8.08557,0.23251,51
164,0.526384,8.04017,0.233646,54
165,0.538872,7.98937,0.235679,51
166,0.535422,8.01319,0.236818,53
167,0.538977,8.04195,0.230488,58
168,0.547858,8.03501,0.226468,60
169,0.5612,7.98468,0.229154,61
170,0.564525,7.89668,0.22289,66
171,0.562469,7.85202,0.219876,68
172,0.561649,7.82651,0.21403,67
173,0.550515,7.83693,0.216918,68
174,0.550515,7.83693,0.216918,68
175,0.542515,7.8388,0.215244,68
176,0.542515,7.8388,0.215244,68
177,0.529499,7.8494,0.220552,74
178,0.558715,7.84284,0.224818,77
179,0.540828,7.76438,0.227748,82
180,0.553124,7.72027,0.230987,85
181,0.549585,7.62192,0.232894,91
182,0.538506,7.6399,0.236094,89
183,0.536855,7.63071,0.232238,89
184,0.535447,7.54172,0.227175,94
185,0.525496,7.53303,0.223989,97
186,0.516326,7.5621,0.219464,99
187,0.518777,7.57023,0.217993,101
188,0.526761,7.66469,0.210209,106
189,0.529701,7.64581,0.218787,109
190,0.532856,7.63961,0.219661,110
191,0.531377,7.63504,0.219753,111
192,0.537523,7.6046,0.218722,110
193,0.519528,7.59535,0.21498,111
194,0.526797,7.54208,0.21628,115
195,0.517042,7.5589,0.210714,120
196,0.503518,7.52931,0.211052,127
197,0.501498,7.44867,0.205909,142
198,0.496957,7.4447,0.210256,143
199,0.493925,7.43122,0.210243,144
200,0.496633,7.41672,0.208206,147
201,0.490325,7.45872,0.204038,147
202,0.491868,7.42004,0.20746,149
203,0.504426,7.42996,0.209162,153
204,0.509816,7.41761,0.210064,156
205,0.503802,7.40453,0.202895,156
206,0.50255,7.39862,0.191781,161
207,0.495496,7.36302,0.190174,168
208,0.50566,7.33117,0.192865,180
209,0.51431,7.32583,0.188497,190
210,0.511495,7.231,0.183765,199
211,0.506019,7.21646,0.178049,205
212,0.506316,7.18077,0.178407,218
213,0.507002,7.18815,0.174723,221
214,0.509547,7.16471,0.174771,228
215,0.512475,7.16272,0.172861,231
216,0.51581,7.15295,0.17304,234
217,0.513209,7.14348,0.172271,236
218,0.509486,7.10585,0.170514,244
219,0.498315,7.02824,0.170674,256
220,0.502439,6.99089,0.169736,266
221,0.496609,6.90915,0.169774,279
222,0.490545,6.87843,0.167751,290
223,0.494675,6.83914,0.163951,305
224,0.503507,6.83262,0.162061,313
225,0.496142,6.82599,0.161941,326
226,0.50333,6.82893,0.16112,346
227,0.509359,6.87797,0.159273,353
228,0.502795,6.88792,0.156558,367
229,0.504075,6.84016,0.153353,389
230,0.512246,6.82021,0.153518,404
231,0.506144,6.75378,0.155427,427
232,0.50524,6.73536,0.153452,436
233,0.507333,6.6934,0.153574,448
234,0.508066,6.66394,0.156792,465
235,0.505973,6.61496,0.155385,485
236,0.508012,6.58902,0.152616,494
237,0.509292,6.5598,0.150826,504
238,0.507974,6.52663,0.149702,516
239,0.513608,6.50218,0.147911,532
240,0.508586,6.46463,0.151796,567
241,0.513336,6.41085,0.150858,602
242,0.519201,6.41543,0.149875,627
243,0.519997,6.37707,0.148714,660
244,0.514609,6.37235,0.146956,676
245,0.514609,6.37235,0.146956,676
246,0.514609,6.37235,0.146956,676
247,0.514609,6.37235,0.146956,676
248,0.514609,6.37235,0.146956,676
249,0.514609,6.37235,0.146956,676
250,0.514609,6.37235,0.146956,676
251,0.514609,6.37235,0.146956,676
252,0.514609,6.37235,0.146956,676
253,0.514609,6.37235,0.146956,676
254,0.514609,6.37235,0.146956,676
255,0.514609,6.37235,0.146956,676
256,0.514609,6.37235,0.146956,676
257,0.514609,6.37235,0.146956,676
258,0.514609,6.37235,0.146956,676
259,0.514609,6.37235,0.146956,676
260,0.514609,6.37235,0.146956,676
261,0.514609,6.37235,0.146956,676
262,0.514609,6.37235,0.146956,676
263,0.514609,6.37235,0.146956,676
264,0.514609,6.37235,0.146956,676
265,0.514609,6.37235,0.146956,676
266,0.514609,6.37235,0.146956,676
267,0.514609,6.37235,0.146956,676
268,0.514609,6.37235,0.146956,676
269,0.514609,6.37235,0.146956,676
270,0.514609,6.37235,0.146956,676
271,0.514609,6.37235,0.146956,676
272,0.514609,6.37235,0.146956,676
273,0.514609,6.37235,0.146956,676
274,0.514609,6.37235,0.146956,676
275,0.514609,6.37235,0.146956,676
276,0.514609,6.37235,0.146956,676
277,0.514609,6.37235,0.146956,676
278,0.514609,6.37235,0.146956,676
279,0.514609,6.37235,0.146956,676
280,0.514609,6.37235,0.146956,676
281,0.514609,6.37235,0.146956,676
282,0.514609,6.37235,0.146956,676
283,0.514609,6.37235,0.146956,676
284,0.514609,6.37235,0.146956,676
285,0.514609,6.37235,0.146956,676
286,0.514609,6.37235,0.146956,676
287,0.514609,6.37235,0.146956,676
288,0.514609,6.37235,0.146956,676
289,0.514609,6.37235,0.146956,676
290,0.514609,6.37235,0.146956,676
291,0.514609,6.37235,0.146956,676
292,0.514609,6.37235,0.146956,676
293,0.514609,6.37235,0.146956,676
294,0.514609,6.37235,0.146956,676
295,0.514609,6.37235,0.146956,676
296,0.514609,6.37235,0.146956,676
297,0.514609,6.37235,0.146956,676
298,0.514609,6.37235,0.146956,676
299,0.514609,6.37235,0.146956,676
300,0.514609,6.37235,0.146956,676
301,0.514609,6.37235,0.146956,676
302,0.514609,6.37235,0.146956,676
303,0.514609,6.37235,0.146956,676
304,0.514609,6.37235,0.146956,676
305,0.514609,6.37235,0.146956,676
306,0.514609,6.37235,0.146956,676
307,0.514609,6.37235,0.146956,676
308,0.514609,6.37235,0.146956,676
309,0.514609,6.37235,0.146956,676
310,0.514609,6.37235,0.146956,676
311,0.514609,6.37235,0.146956,676
312,0.514609,6.37235,0.146956,676
313,0.514609,6.37235,0.146956,676
314,0.514609,6.37235,0.146956,676
315,0.514609,6.37235,0.146956,676
316,0.514609,6.37235,0.146956,676
317,0.514609,6.37235,0.146956,676
318,0.514609,6.37235,0.146956,676
319,0.514609,6.37235,0.146956,676
320,0.514609,6.37235,0.146956,676
321,0.514609,6.37235,0.146956,676
322,0.514609,6.37235,0.146956,676
323,0.514609,6.37235,0.146956,676
324,0.514609,6.37235,0.146956,676
325,0.514609,6.37235,0.146956,676
326,0.514609,6.37235,0.146956,676
327,0.514609,6.37235,0.146956,676
328,0.514609,6.37235,0.146956,676
329,0.514609,6.37235,0.146956,676
330,0.514609,6.37235,0.146956,676
331,0.514609,6.37235,0.146956,676
332,0.514609,6.37235,0.146956,676
333,0.514609,6.37235,0.146956,676
334,0.514609,6.37235,0.146956,676
335,0.514609,6.37235,0.146956,676
336,0.514609,6.37235,0.146956,676
337,0.514609,6.37235,0.146956,676
338,0.514609,6.37235,0.146956,676
339,0.514609,6.37235,0.146956,676
340,0.514609,6.37235,0.146956,676
341,0.514609,6.37235,0.146956,676
342,0.514609,6.37235,0.146956,676
343,0.514609,6.37235,0.146956,676
344,0.514609,6.37235,0.146956,676
345,0.514609,6.37235,0.146956,676
346,0.514609,6.37235,0.146956,676
347,0.514609,6.37235,0.146956,676
348,0.514609,6.37235,0.146956,676
349,0.514609,6.37235,0.146956,676
350,0.514609,6.37235,0.146956,676
351,0.514609,6.37235,0.146956,676
352,0.514609,6.37235,0.146956,676
353,0.514609,6.37235,0.146956,676
354,0.514609,6.37235,0.146956,676
355,0.514609,6.37235,0.146956,676
356,0.514609,6.37235,0.146956,676
357,0.514609,6.37235,0.146956,676
358,0.514609,6.37235,0.146956,676
359,0.514609,6.37235,0.146956,676
360,0.514609,6.37235,0.146956,676
361,0.514609,6.37235,0.146956,676
362,0.514609,6.37235,0.146956,676
363,0.514609,6.37235,0.146956,676
364,0.514609,6.37235,0.146956,676
365,0.514609,6.37235,0.146956,676
366,0.514609,6.37235,0.146956,676
367,0.514609,6.37235,0.146956,676
368,0.514609,6.37235,0.146956,676
369,0.514609,6.37235,0.146956,676
370,0.514609,6.37235,0.146956,676
371,0.514609,6.37235,0.146956,676
372,0.514609,6.37235,0.146956,676
373,0.514609,6.37235,0.146956,676
374,0.514609,6.37235,0.146956,676
375,0.514609,6.37235,0.146956,676
376,0.514609,6.37235,0.146956,676
377,0.514609,6.37235,0.146956,676
378,0.514609,6.37235,0.146956,676
379,0.514609,6.37235,0.146956,676
380,0.514609,6.37235,0.146956,676
381,0.514609,6.37235,0.146956,676
382,0.514609,6.37235,0.146956,676
383,0.514609,6.37235,0.146956,676
384,0.514609,6.37235,0.146956,676
385,0.514609,6.37235,0.146956,676
386,0.514609,6.37235,0.146956,676
387,0.514609,6.37235,0.146956,676
388,0.514609,6.37235,0.146956,676
389,0.514609,6.37235,0.146956,676
390,0.514609,6.37235,0.146956,676
391,0.514609,6.37235,0.146956,676
392,0.514609,6.37235,0.146956,676
393,0.514609,6.37235,0.146956,676
394,0.514609,6.37235,0.146956,676
395,0.514609,6.37235,0.146956,676
396,0.514609,6.37235,0.146956,676
397,0.514609,6.37235,0.146956,676
398,0.514609,6.37235,0.146956,676
399,0.514609,6.37235,0.146956,676
400,0.514609,6.37235,0.146956,676
401,0.514609,6.37235,0.146956,676
402,0.514609,6.37235,0.146956,676
403,0.514609,6.37235,0.146956,676
404,0.514609,6.37235,0.146956,676
405,0.514609,6.37235,0.146956,676
406,0.514609,6.37235,0.146956,676
407,0.514609,6.37235,0.146956,676
408,0.514609,6.37235,0.146956,676
409,0.514609,6.37235,0.146956,676
410,0.514609,6.37235,0.146956,676
411,0.514609,6.37235,0.146956,676
412,0.514609,6.37235,0.146956,676
413,0.514609,6.37235,0.146956,676
414,0.514609,6.37235,0.146956,676
415,0.514609,6.37235,0.146956,676
416,0.514609,6.37235,0.146956,676
417,0.514609,6.37235,0.146956,676
418,0.514609,6.37235,0.146956,676
419,0.514609,6.37235,0.146956,676
420,0.514609,6.37235,0.146956,676
421,0.514609,6.37235,0.146956,676
422,0.514609,6.37235,0.146956,676
423,0.514609,6.37235,0.146956,676
424,0.514609,6.37235,0.146956,676
425,0.514609,6.37235,0.146956,676
426,0.514609,6.37235,0.146956,676
427,0.514609,6.37235,0.146956,676
428,0.514609,6.37235,0.146956,676
429,0.514609,6.37235,0.146956,676
430,0.514609,6.37235,0.146956,676
431,0.514609,6.37235,0.146956,676
432,0.514609,6.37235,0.146956,676
433,0.514609,6.37235,0.146956,676
434,0.514609,6.37235,0.146956,676
435,0.514609,6.37235,0.146956,676
436,0.514609,6.37235,0.146956,676
437,0.514609,6.37235,0.146956,676
438,0.514609,6.37235,0.146956,676
439,0.514609,6.37235,0.146956,676
440,0.514609,6.37235,0.146956,676
441,0.514609,6.37235,0.146956,676
442,0.514609,6.37235,0.146956,676
443,0.514609,6.37235,0.146956,676
444,0.514609,6.37235,0.146956,676
445,0.514609,6.37235,0.146956,676
446,0.514609,6.37235,0.146956,676
447,0.514609,6.37235,0.146956,676
448,0.514609,6.37235,0.146956,676
449,0.514609,6.37235,0.146956,676
450,0.514609,6.37235,0.146956,676
451,0.514609,6.37235,0.146956,676
452,0.514609,6.37235,0.146956,676
453,0.514609,6.37235,0.146956,676
454,0.514609,6.37235,0.146956,676
455,0.514609,6.37235,0.146956,676
456,0.514609,6.37235,0.146956,676
457,0.514609,6.37235,0.146956,676
458,0.514609,6.37235,0.146956,676
459,0.514609,6.37235,0.146956,676
460,0.514609,6.37235,0.146956,676
461,0.514609,6.37235,0.146956,676
462,0.514609,6.37235,0.146956,676
463,0.514609,6.37235,0.146956,676
464,0.514609,6.37235,0.146956,676
465,0.514609,6.37235,0.146956,676
466,0.514609,6.37235,0.146956,676
467,0.514609,6.37235,0.146956,676
468,0.514609,6.37235,0.146956,676
469,0.514609,6.37235,0.146956,676
470,0.514609,6.37235,0.146956,676
471,0.514609,6.37235,0.146956,676
472,0.514609,6.37235,0.146956,676
473,0.514609,6.37235,0.146956,676
474,0.514609,6.37235,0.146956,676
475,0.514609,6.37235,0.146956,676
476,0.514609,6.37235,0.146956,676
477,0.514609,6.37235,0.146956,676
478,0.514609,6.37235,0.146956,676
479,0.514609,6.37235,0.146956,676
480,0.514609,6.37235,0.146956,676
481,0.514609,6.37235,0.146956,676
482,0.514609,6.37235,0.146956,676
483,0.514609,6.37235,0.146956,676
484,0.514609,6.37235,0.146956,676
485,0.514609,6.37235,0.146956,676
486,0.514609,6.37235,0.146956,676
487,0.514609,6.37235,0.146956,676
488,0.514609,6.37235,0.146956,676
489,0.514609,6.37235,0.146956,676
490,0.514609,6.37235,0.146956,676
491,0.514609,6.37235,0.146956,676
492,0.514609,6.37235,0.146956,676
493,0.514609,6.37235,0.146956,676
494,0.514609,6.37235,0.146956,676
495,0.514609,6.37235,0.146956,676
496,0.514609,6.37235,0.146956,676
497,0.514609,6.37235,0.146956,676
498,0.514609,6.37235,0.146956,676
499,0.514609,6.37235,0.146956,676
500,0.514609,6.37235,0.146956,676
501,0.514609,6.37235,0.146956,676
502,0.514609,6.37235,0.146956,676
503,0.514609,6.37235,0.146956,676
504,0.514609,6.37235,0.146956,676
505,0.514609,6.37235,0.146956,676
506,0.514609,6.37235,0.146956,676
507,0.514609,6.37235,0.146956,676
508,0.514609,6.37235,0.146956,676
509,0.514609,6.37235,0.146956,676
510,0.514609,6.37235,0.146956,676
511,0.514609,6.37235,0.146956,676
512,0.514609,6.37235,0.146956,676
513,0.514609,6.37235,0.146956,676
514,0.514609,6.37235,0.146956,676
515,0.514609,6.37235,0.146956,676
516,0.514609,6.37235,0.146956,676
517,0.514609,6.37235,0.146956,676
518,0.514609,6.37235,0.146956,676
519,0.514609,6.37235,0.146956,676
520,0.514609,6.37235,0.146956,676
521,0.514609,6.37235,0.146956,676
522,0.514609,6.37235,0.146956,676
523,0.514609,6.37235,0.146956,676
524,0.514609,6.37235,0.146956,676
525,0.514609,6.37235,0.146956,676
526,0.514609,6.37235,0.146956,676
527,0.514609,6.37235,0.146956,676
528,0.514609,6.37235,0.146956,676
529,0.514609,6.37235,0.146956,676
530,0.514609,6.37235,0.146956,676
531,0.514609,6.37235,0.146956,676
532,0.514609,6.37235,0.146956,676
533,0.514609,6.37235,0.146956,676
534,0.514609,6.37235,0.146956,676
535,0.514609,6.37235,0.146956,676
536,0.514609,6.37235,0.146956,676
537,0.514609,6.37235,0.146956,676
538,0.514609,6.37235,0.146956,676
539,0.514609,6.37235,0.146956,676
540,0.514609,6.37235,0.146956,676
541,0.514609,6.37235,0.146956,676
542,0.514609,6.37235,0.146956,676
543,0.514609,6.37235,0.146956,676
544,0.514609,6.37235,0.146956,676
545,0.514609,6.37235,0.146956,676
546,0.514609,6.37235,0.146956,676
547,0.514609,6.37235,0.146956,676
548,0.514609,6.37235,0.146956,676
549,0.514609,6.37235,0.146956,676
550,0.514609,6.37235,0.146956,676
551,0.514609,6.37235,0.146956,676
552,0.514609,6.37235,0.146956,676
553,0.514609,6.37235,0.146956,676
554,0.514609,6.37235,0.146956,676
555,0.514609,6.37235,0.146956,676
556,0.514609,6.37235,0.146956,676
557,0.514609,6.37235,0.146956,676
558,0.514609,6.37235,0.146956,676
559,0.514609,6.37235,0.146956,676
560,0.514609,6.37235,0.146956,676
561,0.514609,6.37235,0.146956,676
562,0.514609,6.37235,0.146956,676
563,0.514609,6.37235,0.146956,676
564,0.514609,6.37235,0.146956,676
565,0.514609,6.37235,0.146956,676
566,0.514609,6.37235,0.146956,676
567,0.514609,6.37235,0.146956,676
568,0.514609,6.37235,0.146956,676
569,0.514609,6.37235,0.146956,676
570,0.514609,6.37235,0.146956,676
571,0.514609,6.37235,0.146956,676
572,0.514609,6.37235,0.146956,676
573,0.514609,6.37235,0.146956,676
574,0.514609,6.37235,0.146956,676
575,0.514609,6.37235,0.146956,676
576,0.514609,6.37235,0.146956,676
577,0.514609,6.37235,0.146956,676
578,0.514609,6.37235,0.146956,676
579,0.514609,6.37235,0.146956,676
580,0.514609,6.37235,0.146956,676
581,0.514609,6.37235,0.146956,676
582,0.514609,6.37235,0.146956,676
583,0.514609,6.37235,0.146956,676
584,0.514609,6.37235,0.146956,676
585,0.514609,6.37235,0.146956,676
586,0.514609,6.37235,0.146956,676
587,0.514609,6.37235,0.146956,676
588,0.514609,6.37235,0.146956,676
589,0.514609,6.37235,0.146956,676
590,0.514609,6.37235,0.146956,676
591,0.514609,6.37235,0.146956,676
592,0.514609,6.37235,0.146956,676
593,0.514609,6.37235,0.146956,676
594,0.514609,6.37235,0.146956,676
595,0.514609,6.37235,0.146956,676
596,0.514609,6.37235,0.146956,676
597,0.514609,6.37235,0.146956,676
598,0.514609,6.37235,0.146956,676
599,0.514609,6.37235,0.146956,676
600,0.514609,6.37235,0.146956,676
601,0.514609,6.37235,0.146956,676
602,0.514609,6.37235,0.146956,676
603,0.514609,6.37235,0.146956,676
604,0.514609,6.37235,0.146956,676
605,0.514609,6.37235,0.146956,676
606,0.514609,6.37235,0.146956,676
607,0.514609,6.37235,0.146956,676
608,0.514609,6.37235,0.146956,676
609,0.514609,6.37235,0.146956,676
610,0.514609,6.37235,0.146956,676
611,0.514609,6.37235,0.146956,676
612,0.514609,6.37235,0.146956,676
613,0.514609,6.37235,0.146956,676
614,0.514609,6.37235,0.146956,676
615,0.514609,6.37235,0.146956,676
616,0.514609,6.37235,0.146956,676
617,0.514609,6.37235,0.146956,676
618,0.514609,6.37235,0.146956,676
619,0.514609,6.37235,0.146956,676
620,0.514609,6.37235,0.146956,676
621,0.514609,6.37235,0.146956,676
622,0.514609,6.37235,0.146956,676
623,0.514609,6.37235,0.146956,676
624,0.514609,6.37235,0.146956,676
625,0.514609,6.37235,0.146956,676
626,0.514609,6.37235,0.146956,676
627,0.514609,6.37235,0.146956,676
628,0.514609,6.37235,0.146956,676
629,0.514609,6.37235,0.146956,676
630,0.514609,6.37235,0.146956,676
631,0.514609,6.37235,0.146956,676
632,0.514609,6.37235,0.146956,676
633,0.514609,6.37235,0.146956,676
634,0.514609,6.37235,0.146956,676
635,0.514609,6.37235,0.146956,676
636,0.514609,6.37235,0.146956,676
637,0.514609,6.37235,0.146956,676
638,0.514609,6.37235,0.146956,676
639,0.514609,6.37235,0.146956,676
640,0.514609,6.37235,0.146956,676
641,0.514609,6.37235,0.146956,676
642,0.514609,6.37235,0.146956,676
643,0.514609,6.37235,0.146956,676
644,0.514609,6.37235,0.146956,676
645,0.514609,6.37235,0.146956,676
646,0.514609,6.37235,0.146956,676
647,0.514609,6.37235,0.146956,676
648,0.514609,6.37235,0.146956,676
649,0.514609,6.37235,0.146956,676
650,0.514609,6.37235,0.146956,676
651,0.514609,6.37235,0.146956,676
652,0.514609,6.37235,0.146956,676
653,0.514609,6.37235,0.146956,676
654,0.514609,6.37235,0.146956,676
655,0.514609,6.37235,0.146956,676
656,0.514609,6.37235,0.146956,676
657,0.514609,6.37235,0.146956,676
658,0.514609,6.37235,0.146956,676
659,0.514609,6.37235,0.146956,676
660,0.514609,6.37235,0.146956,676
661,0.514609,6.37235,0.146956,676
662,0.514609,6.37235,0.146956,676
663,0.514609,6.37235,0.146956,676
664,0.514609,6.37235,0.146956,676
665,0.514609,6.37235,0.146956,676
666,0.514609,6.37235,0.146956,676
667,0.514609,6.37235,0.146956,676
668,0.514609,6.37235,0.146956,676
669,0.514609,6.37235,0.146956,676
670,0.514609,6.37235,0.146956,676
671,0.514609,6.37235,0.146956,676
672,0.514609,6.37235,0.146956,676
673,0.514609,6.37235,0.146956,676
674,0.514609,6.37235,0.146956,676
675,0.514609,6.37235,0.146956,676
676,0.514609,6.37235,0.146956,676
677,0.514609,6.37235,0.146956,676
678,0.514609,6.37235,0.146956,676
679,0.514609,6.37235,0.146956,676
680,0.514609,6.37235,0.146956,676
681,0.514609,6.37235,0.146956,676
682,0.514609,6.37235,0.146956,676
683,0.514609,6.37235,0.146956,676
684,0.514609,6.37235,0.146956,676
685,0.514609,6.37235,0.146956,676
686,0.514609,6.37235,0.146956,676
687,0.514609,6.37235,0.146956,676
688,0.514609,6.37235,0.146956,676
689,0.514609,6.37235,0.146956,676
690,0.514609,6.37235,0.146956,676
691,0.514609,6.37235,0.146956,676
692,0.514609,6.37235,0.146956,676
693,0.514609,6.37235,0.146956,676
694,0.514609,6.37235,0.146956,676
695,0.514609,6.37235,0.146956,676
696,0.514609,6.37235,0.146956,676
697,0.514609,6.37235,0.146956,676
698,0.514609,6.37235,0.146956,676
699,0.514609,6.37235,0.146956,676
700,0.514609,6.37235,0.146956,676
701,0.514609,6.37235,0.146956,676
702,0.514609,6.37235,0.146956,676
703,0.514609,6.37235,0.146956,676
704,0.514609,6.37235,0.146956,676
705,0.514609,6.37235,0.146956,676
706,0.514609,6.37235,0.146956,676
707,0.514609,6.37235,0.146956,676
708,0.514609,6.37235,0.146956,676
709,0.514609,6.37235,0.146956,676
710,0.514609,6.37235,0.146956,676
711,0.514609,6.37235,0.146956,676
712,0.514609,6.37235,0.146956,676
713,0.514609,6.37235,0.146956,676
714,0.514609,6.37235,0.146956,676
715,0.514609,6.37235,0.146956,676
716,0.514609,6.37235,0.146956,676
717,0.514609,6.37235,0.146956,676
718,0.514609,6.37235,0.146956,676
719,0.514609,6.37235,0.146956,676
720,0.514609,6.37235,0.146956,676
721,0.514609,6.37235,0.146956,676
722,0.514609,6.37235,0.146956,676
723,0.514609,6.37235,0.146956,676
724,0.514609,6.37235,0.146956,676
725,0.514609,6.37235,0.146956,676
726,0.514609,6.37235,0.146956,676
727,0.514609,6.37235,0.146956,676
728,0.514609,6.37235,0.146956,676
729,0.514609,6.37235,0.146956,676
730,0.514609,6.37235,0.146956,676
731,0.514609,6.37235,0.146956,676
732,0.514609,6.37235,0.146956,676
733,0.514609,6.37235,0.146956,676
734,0.514609,6.37235,0.146956,676
735,0.514609,6.37235,0.146956,676
736,0.514609,6.37235,0.146956,676
737,0.514609,6.37235,0.146956,676
738,0.514609,6.37235,0.146956,676
739,0.514609,6.37235,0.146956,676
740,0.514609,6.37235,0.146956,676
741,0.514609,6.37235,0.146956,676
742,0.514609,6.37235,0.146956,676
743,0.514609,6.37235,0.146956,676
744,0.514609,6.37235,0.146956,676
745,0.514609,6.37235,0.146956,676
746,0.514609,6.37235,0.146956,676
747,0.514609,6.37235,0.146956,676
748,0.514609,6.37235,0.146956,676
749,0.514609,6.37235,0.146956,676
750,0.514609,6.37235,0.146956,676
751,0.514609,6.37235,0.146956,676
752,0.514609,6.37235,0.146956,676
753,0.514609,6.37235,0.146956,676
754,0.514609,6.37235,0.146956,676
755,0.514609,6.37235,0.146956,676
756,0.514609,6.37235,0.146956,676
757,0.514609,6.37235,0.146956,676
758,0.514609,6.37235,0.146956,676
759,0.514609,6.37235,0.146956,676
760,0.514609,6.37235,0.146956,676
761,0.514609,6.37235,0.146956,676
762,0.514609,6.37235,0.146956,676
763,0.514609,6.37235,0.146956,676
764,0.514609,6.37235,0.146956,676
765,0.514609,6.37235,0.146956,676
766,0.514609,6.37235,0.146956,676
767,0.514609,6.37235,0.146956,676
768,0.514609,6.37235,0.146956,676
769,0.514609,6.37235,0.146956,676
770,0.514609,6.37235,0.146956,676
771,0.514609,6.37235,0.146956,676
772,0.514609,6.37235,0.146956,676
773,0.514609,6.37235,0.146956,676
774,0.514609,6.37235,0.146956,676
775,0.514609,6.37235,0.146956,676
776,0.514609,6.37235,0.146956,676
777,0.514609,6.37235,0.146956,676
778,0.514609,6.37235,0.146956,676
779,0.514609,6.37235,0.146956,676
780,0.514609,6.37235,0.146956,676
781,0.514609,6.37235,0.146956,676
782,0.514609,6.37235,0.146956,676
783,0.514609,6.37235,0.146956,676
784,0.514609,6.37235,0.146956,676
785,0.514609,6.37235,0.146956,676
786,0.514609,6.37235,0.146956,676
787,0.514609,6.37235,0.146956,676
788,0.514609,6.37235,0.146956,676
789,0.514609,6.37235,0.146956,676
790,0.514609,6.37235,0.146956,676
791,0.514609,6.37235,0.146956,676
792,0.514609,6.37235,0.146956,676
793,0.514609,6.37235,0.146956,676
794,0.514609,6.37235,0.146956,676
795,0.514609,6.37235,0.146956,676
796,0.514609,6.37235,0.146956,676
797,0.514609,6.37235,0.146956,676
798,0.514609,6.37235,0.146956,676
799,0.514609,6.37235,0.146956,676
800,0.514609,6.37235,0.146956,676
801,0.514609,6.37235,0.146956,676
802,0.514609,6.37235,0.146956,676
803,0.514609,6.37235,0.146956,676
804,0.514609,6.37235,0.146956,676
805,0.514609,6.37235,0.146956,676
806,0.514609,6.37235,0.146956,676
807,0.514609,6.37235,0.146956,676
808,0.514609,6.37235,0.146956,676
809,0.514609,6.37235,0.146956,676
810,0.514609,6.37235,0.146956,676
811,0.514609,6.37235,0.146956,676
812,0.514609,6.37235,0.146956,676
813,0.514609,6.37235,0.146956,676
814,0.514609,6.37235,0.146956,676
815,0.514609,6.37235,0.146956,676
816,0.514609,6.37235,0.146956,676
817,0.514609,6.37235,0.146956,676
818,0.514609,6.37235,0.146956,676
819,0.514609,6.37235,0.146956,676
820,0.514609,6.37235,0.146956,676
821,0.514609,6.37235,0.146956,676
822,0.514609,6.37235,0.146956,676
823,0.514609,6.37235,0.146956,676
824,0.514609,6.37235,0.146956,676
825,0.514609,6.37235,0.146956,676
826,0.514609,6.37235,0.146956,676
827,0.514609,6.37235,0.146956,676
828,0.514609,6.37235,0.146956,676
829,0.514609,6.37235,0.146956,676
830,0.514609,6.37235,0.146956,676
831,0.514609,6.37235,0.146956,676
832,0.514609,6.37235,0.146956,676
833,0.514609,6.37235,0.146956,676
834,0.514609,6.37235,0.146956,676
835,0.514609,6.37235,0.146956,676
836,0.514609,6.37235,0.146956,676
837,0.514609,6.37235,0.146956,676
838,0.514609,6.37235,0.146956,676
839,0.514609,6.37235,0.146956,676
840,0.514609,6.37235,0.146956,676
841,0.514609,6.37235,0.146956,676
842,0.514609,6.37235,0.146956,676
843,0.514609,6.37235,0.146956,676
844,0.514609,6.37235,0.146956,676
845,0.514609,6.37235,0.146956,676
846,0.514609,6.37235,0.146956,676
847,0.514609,6.37235,0.146956,676
848,0.514609,6.37235,0.146956,676
849,0.514609,6.37235,0.146956,676
850,0.514609,6.37235,0.146956,676
851,0.514609,6.37235,0.146956,676
852,0.514609,6.37235,0.146956,676
853,0.514609,6.37235,0.146956,676
854,0.514609,6.37235,0.146956,676
855,0.514609,6.37235,0.146956,676
856,0.514609,6.37235,0.146956,676
857,0.514609,6.37235,0.146956,676
858,0.514609,6.37235,0.146956,676
859,0.514609,6.37235,0.146956,676
860,0.514609,6.37235,0.146956,676
861,0.514609,6.37235,0.146956,676
862,0.514609,6.37235,0.146956,676
863,0.514609,6.37235,0.146956,676
864,0.514609,6.37235,0.146956,676
865,0.514609,6.37235,0.146956,676
866,0.514609,6.37235,0.146956,676
867,0.514609,6.37235,0.146956,676
868,0.514609,6.37235,0.146956,676
869,0.514609,6.37235,0.146956,676
870,0.514609,6.37235,0.146956,676
871,0.514609,6.37235,0.146956,676
872,0.514609,6.37235,0.146956,676
873,0.514609,6.37235,0.146956,676
874,0.514609,6.37235,0.146956,676
875,0.514609,6.37235,0.146956,676
876,0.514609,6.37235,0.146956,676
877,0.514609,6.37235,0.146956,676
878,0.514609,6.37235,0.146956,676
879,0.514609,6.37235,0.146956,676
880,0.514609,6.37235,0.146956,676
881,0.514609,6.37235,0.146956,676
882,0.514609,6.37235,0.146956,676
883,0.514609,6.37235,0.146956,676
884,0.514609,6.37235,0.146956,676
885,0.514609,6.37235,0.146956,676
886,0.514609,6.37235,0.146956,676
887,0.514609,6.37235,0.146956,676
888,0.514609,6.37235,0.146956,676
889,0.514609,6.37235,0.146956,676
890,0.514609,6.37235,0.146956,676
891,0.514609,6.37235,0.146956,676
892,0.514609,6.37235,0.146956,676
893,0.514609,6.37235,0.146956,676
894,0.514609,6.37235,0.146956,676
895,0.514609,6.37235,0.146956,676
896,0.514609,6.37235,0.146956,676
897,0.514609,6.37235,0.146956,676
898,0.514609,6.37235,0.146956,676
899,0.514609,6.37235,0.146956,676
900,0.514609,6.37235,0.146956,676
901,0.514609,6.37235,0.146956,676
902,0.514609,6.37235,0.146956,676
903,0.514609,6.37235,0.146956,676
904,0.514609,6.37235,0.146956,676
905,0.514609,6.37235,0.146956,676
906,0.514609,6.37235,0.146956,676
907,0.514609,6.37235,0.146956,676
908,0.514609,6.37235,0.146956,676
909,0.514609,6.37235,0.146956,676
910,0.514609,6.37235,0.146956,676
911,0.514609,6.37235,0.146956,676
912,0.514609,6.37235,0.146956,676
913,0.514609,6.37235,0.146956,676
914,0.514609,6.37235,0.146956,676
915,0.514609,6.37235,0.146956,676
916,0.514609,6.37235,0.146956,676
917,0.514609,6.37235,0.146956,676
918,0.514609,6.37235,0.146956,676
919,0.514609,6.37235,0.146956,676
920,0.514609,6.37235,0.146956,676
921,0.514609,6.37235,0.146956,676
922,0.514609,6.37235,0.146956,676
923,0.514609,6.37235,0.146956,676
924,0.514609,6.37235,0.146956,676
925,0.514609,6.37235,0.146956,676
926,0.514609,6.37235,0.146956,676
927,0.514609,6.37235,0.146956,676
928,0.514609,6.37235,0.146956,676
929,0.514609,6.37235,0.146956,676
930,0.514609,6.37235,0.146956,676
931,0.514609,6.37235,0.146956,676
932,0.514609,6.37235,0.146956,676
933,0.514609,6.37235,0.146956,676
934,0.514609,6.37235,0.146956,676
935,0.514609,6.37235,0.146956,676
936,0.514609,6.37235,0.146956,676
937,0.514609,6.37235,0.146956,676
938,0.514609,6.37235,0.146956,676
939,0.514609,6.37235,0.146956,676
940,0.514609,6.37235,0.146956,676
941,0.514609,6.37235,0.146956,676
942,0.514609,6.37235,0.146956,676
943,0.514609,6.37235,0.146956,676
944,0.514609,6.37235,0.146956,676
945,0.514609,6.37235,0.146956,676
946,0.514609,6.37235,0.146956,676
947,0.514609,6.37235,0.146956,676
948,0.514609,6.37235,0.146956,676
949,0.514609,6.37235,0.146956,676
950,0.514609,6.37235,0.146956,676
951,0.514609,6.37235,0.146956,676
952,0.514609,6.37235,0.146956,676
953,0.514609,6.37235,0.146956,676
954,0.514609,6.37235,0.146956,676
955,0.514609,6.37235,0.146956,676
956,0.514609,6.37235,0.146956,676
957,0.514609,6.37235,0.146956,676
958,0.514609,6.37235,0.146956,676
959,0.514609,6.37235,0.146956,676
960,0.514609,6.37235,0.146956,676
961,0.514609,6.37235,0.146956,676
962,0.514609,6.37235,0.146956,676
963,0.514609,6.37235,0.146956,676
964,0.514609,6.37235,0.146956,676
965,0.514609,6.37235,0.146956,676
966,0.514609,6.37235,0.146956,676
967,0.514609,6.37235,0.146956,676
968,0.514609,6.37235,0.146956,676
969,0.514609,6.37235,0.146956,676
970,0.514609,6.37235,0.146956,676
971,0.514609,6.37235,0.146956,676
972,0.514609,6.37235,0.146956,676
973,0.514609,6.37235,0.146956,676
974,0.514609,6.37235,0.146956,676
975,0.514609,6.37235,0.146956,676
976,0.514609,6.37235,0.146956,676
977,0.514609,6.37235,0.146956,676
978,0.514609,6.37235,0.146956,676
979,0.514609,6.37235,0.146956,676
980,0.514609,6.37235,0.146956,676
981,0.514609,6.37235,0.146956,676
982,0.514609,6.37235,0.146956,676
983,0.514609,6.37235,0.146956,676
984,0.514609,6.37235,0.146956,676
985,0.514609,6.37235,0.146956,676
986,0.514609,6.37235,0.146956,676
987,0.514609,6.37235,0.146956,676
988,0.514609,6.37235,0.146956,676
989,0.514609,6.37235,0.146956,676
990,0.514609,6.37235,0.146956,676
991,0.514609,6.37235,0.146956,676
992,0.514609,6.37235,0.146956,676
993,0.514609,6.37235,0.146956,676
994,0.514609,6.37235,0.146956,676
995,0.514609,6.37235,0.146956,676
996,0.514609,6.37235,0.146956,676
997,0.514609,6.37235,0.146956,676
998,0.514609,6.37235,0.146956,676
999,0.514609,6.37235,0.146956,676
